6.327422605404557920e-01
-8.396431339191764431e-01
-2.717176605321299787e-01
4.990560919759873260e-01
-4.538893434253327142e-01
-8.132059940867584213e-01
-5.915943024503607095e-01
-6.938767502296985246e-01
-6.314437493650202349e-01
3.469520972590399432e-02
-2.123170700101387198e-03
-5.889411827429728019e-01
5.903429194601420016e-02
-6.430174877840170167e-01
-7.857657575163533581e-01
1.320410699667433629e-01
3.391093851529275449e-01
3.248059867868911543e-01
-4.850976566376064558e-01
-6.130783755655742073e-01
7.466051024542086356e-02
9.142267803297017270e-01
-9.967622493503483505e-03
4.851693735339019375e-01
1.661400980071938149e-01
2.836046602795843641e-01
-1.237837831348934242e-01
6.392310357367649853e-01
8.078465191897072906e-01
1.033436863171590114e-01
-5.213705617209349885e-01
-2.005995867526608745e-01
-8.935733526452881437e-01
-7.760227339007144121e-01
6.086061123073874951e-02
-1.857475120424583181e-01
-9.891281660789279506e-01
-7.213030755641993697e-01
-9.770978149602268514e-01
-8.144093539486103595e-01
-5.299051501239974149e-01
1.704057942655786695e-01
6.259121755808388921e-01
-4.165342528976440084e-01
6.471097619455140615e-01
-5.583482371460872784e-01
-7.342634224989771363e-01
5.612787153166398646e-01
7.446041929371287615e-01
2.947161767050269776e-01
-4.488178046311401825e-01
5.228278312386746007e-01
1.954209574752457101e-01
7.538468228740393684e-01
-1.993579546247807865e-01
-1.000000000000000000e+00
-3.389188912389341501e-01
-6.826067882680032783e-02
8.922458911927172442e-01
8.792235316320533567e-01
4.862582969944326261e-02
-6.531246657004431411e-01
-1.790922562086283421e-02
4.517445551746104293e-01
9.427177553458988835e-02
-6.551150900293316592e-01
3.300137803094738143e-01
7.307052663521940161e-02
-1.199324955424950490e-02
4.864437414477294497e-01
-2.445028742089380008e-02
-9.563667988416850729e-01
9.455483399216639828e-01
-6.800886930769058925e-01
-6.408479047053144972e-01
-7.734115818753748428e-01
-6.090376508484164342e-01
2.726449228053844376e-01
-8.313609883313407556e-01
1.646546455048111535e-01
-3.806109692564458857e-01
-7.766540916296572616e-01
1.000000000000000000e+00
-8.043666711037684713e-01
-9.546294447097248836e-01
7.951976686129855199e-02
-3.851156820688574900e-01
-5.401964345042920002e-01
3.720321042472108375e-01
1.677680507039319147e-01
1.627340616462178147e-01
-5.542385064882205947e-01
-3.133527384758974521e-01
-6.551884788617281519e-01
3.190359222861103294e-01
6.871807831991940674e-01
-7.462487488584617079e-01
4.230560569565621765e-01
-1.432908996051176220e-01
8.341959524360080813e-01
7.093824466237221849e-01
-3.027913729160109924e-01
5.618021343986404625e-01
-1.866925755535817077e-01
-6.224973499682252553e-01
7.642546893138435493e-01
5.021338075654985245e-01
-8.106152044851990812e-01
8.394126814884677046e-01
-3.117240563284582322e-01
1.932407504156711808e-01
4.400532936811404339e-01
9.148226466307660676e-01
2.958758946990484029e-01
4.314149000868651163e-01
2.013942411815003997e-01
5.859279978297204927e-01
-6.851162138962584303e-01
-4.070404902039758688e-01
-9.669234985672254812e-01
9.312395961757123919e-01
9.039099775056970154e-01
-9.352912992231275646e-02
-7.697194561304454563e-01
-4.643122746501098241e-01
4.765467560564810023e-01
2.399202330080906220e-01
8.116996765529658209e-01
-6.990816945051236964e-01
-5.202796445286199667e-01
-1.107670363341080599e-01
-3.837932773529872388e-01
1.223123920933847225e-01
6.750962348007789604e-01
-7.534206854822834698e-01
1.457405760843807907e-01
2.843580133599447057e-01
8.182212864300901778e-01
-3.696439726741724829e-01
-5.724739325206675833e-01
-8.111927466051456204e-01
-4.376698114768289294e-01
-3.491446646877892634e-01
-5.748180162180772657e-01
8.732662968089766053e-01
1.000000000000000000e+00
8.458519984263497549e-02
4.388751649142164091e-01
-9.577569920528272718e-02
1.849221842392336779e-01
-2.107967836664829120e-01
-6.964741012995823155e-01
-1.266276455486596841e-01
-4.181206826403732757e-01
9.137239061230902903e-01
-6.767314659972286650e-01
1.000000000000000000e+00
-1.000000000000000000e+00
-1.608262869313312471e-01
-1.138980953479304947e-01
9.780540691699881606e-01
-2.067452876627622338e-01
-6.476320232582188918e-01
-5.165938225007112861e-01
-9.162267700107065149e-01
1.264168177014804995e-01
7.213251633021557918e-01
4.592541985954463613e-01
4.333102109642286703e-03
-7.766142864572107563e-01
5.446707473991621029e-01
-1.836253292001706061e-01
-1.478955058157109814e-01
5.348776532294634567e-01
5.629318348645930836e-01
-2.309847568126336959e-01
-5.939151047090066582e-01
3.916876561604283324e-01
-6.116963496478071693e-01
-1.251877473151790932e-01
-5.697504249744225202e-01
8.014596434880731923e-01
3.831788038497234705e-01
-1.342911117497005424e-01
-2.543209560831281579e-01
-8.131382752885419896e-01
9.971564389407929774e-01
-2.969198221032295359e-01
4.731120872784628784e-01
-1.259376431987404565e-01
-3.893878594120900871e-01
5.845159316126823379e-01
-4.480602886310179889e-01
1.467305816314899980e-01
1.898228927782009134e-01
-9.183091231886117978e-01
-8.823912815448683444e-01
-3.659255762344402196e-01
-1.000000000000000000e+00
-2.012514988627528978e-01
9.022297618327288493e-01
8.643315198864697235e-01
7.006269054954534781e-01
-5.965927578315931568e-01
5.578688857326254968e-01
7.165242033206751238e-01
-2.975145321732847181e-01
3.082580461430540764e-01
-6.631501714626601984e-01
-5.899910217393331546e-01
-5.002720969474379054e-01
8.449292809809538785e-01
2.029973734836137966e-01
-9.391122319502738514e-03
2.395152141278588664e-01
5.539673344734228344e-01
-1.000000000000000000e+00
6.878507651589147454e-01
7.792310266325085111e-02
-4.625982526493087055e-01
-3.714421045738645621e-01
-8.750429080061451481e-01
1.908555069847637231e-01
3.263797120847397037e-01
-1.061832881739144391e-01
-9.854703665956467962e-01
9.715074335942543993e-01
-2.245885682352705970e-01
9.499204719631975102e-01
9.920387073769566522e-01
9.505340082547593106e-01
1.745405720358215174e-01
1.000000000000000000e+00
-1.973099500246873750e-01
1.000000000000000000e+00
-6.314767075242684324e-01
-7.674610477586532031e-01
3.202441800024818930e-01
6.657089886510082488e-01
-6.635879988842825483e-01
2.614059496883911482e-01
-9.152634018009503380e-02
1.209683916506523182e-01
5.109646167560738528e-03
-2.668258212004264163e-01
5.201708214190597923e-01
3.541146009705040121e-02
-6.895198505814081891e-01
-8.631440167947265207e-01
-1.084032866764790271e-01
5.855700134310422023e-01
7.540226058932141262e-01
-5.307356621759809490e-02
1.502125764772822558e-01
-4.187810244083285394e-01
-2.550255396633727134e-01
1.550048245285889637e-01
-8.314264861362645753e-01
5.070107330478773600e-01
7.235781886179557532e-01
8.773354382732669876e-01
5.948170427285017769e-01
-7.498789648555845844e-01
1.466301420943698086e-01
-8.455673051536232165e-01
