-9.969964410338405525e-01
-1.000000000000000000e+00
-4.991265557352058124e-01
1.000000000000000000e+00
-1.000000000000000000e+00
7.652206041852249729e-01
-1.000000000000000000e+00
2.052871491873663190e-01
-5.727065085084148688e-01
1.000000000000000000e+00
1.000000000000000000e+00
-1.000000000000000000e+00
-1.000000000000000000e+00
-1.000000000000000000e+00
9.757568743951100521e-01
1.492719979221689697e-01
-1.000000000000000000e+00
4.228032481704813161e-01
1.000000000000000000e+00
-9.650058844879959574e-01
9.249890279432035900e-01
9.879995714638282189e-01
-7.500619620187028158e-02
-7.478013115666307664e-01
1.000000000000000000e+00
9.926477036769268958e-01
1.000000000000000000e+00
5.784484350767145344e-02
-1.000000000000000000e+00
-3.843046104858100498e-01
9.812479909972582348e-01
4.980519984514317905e-02
1.000000000000000000e+00
1.000000000000000000e+00
1.000000000000000000e+00
1.000000000000000000e+00
-1.000000000000000000e+00
-1.000000000000000000e+00
1.000000000000000000e+00
1.000000000000000000e+00
-1.000000000000000000e+00
-1.000000000000000000e+00
1.000000000000000000e+00
-3.484188166415183030e-01
-1.000000000000000000e+00
5.179801651241876942e-02
-1.000000000000000000e+00
1.000000000000000000e+00
-1.000000000000000000e+00
1.000000000000000000e+00
9.734738607818592682e-01
-1.000000000000000000e+00
-1.000000000000000000e+00
-1.000000000000000000e+00
1.000000000000000000e+00
4.649762019022688625e-02
1.000000000000000000e+00
1.000000000000000000e+00
1.000000000000000000e+00
-1.000000000000000000e+00
4.003381477406210975e-01
2.968321974979950539e-01
-5.692570243097927474e-01
-1.000000000000000000e+00
-8.991368621678522688e-01
-5.948330494156850445e-01
1.000000000000000000e+00
-1.000000000000000000e+00
-1.000000000000000000e+00
1.000000000000000000e+00
-1.000000000000000000e+00
-1.000000000000000000e+00
1.000000000000000000e+00
-8.478475149153938961e-01
3.060594079481238627e-01
1.000000000000000000e+00
-7.891361406298311176e-02
1.000000000000000000e+00
-1.000000000000000000e+00
9.466830842034309468e-01
1.000000000000000000e+00
-1.000000000000000000e+00
1.000000000000000000e+00
-1.000000000000000000e+00
-1.000000000000000000e+00
-8.933275783216060306e-01
-8.543090851369599115e-01
-1.000000000000000000e+00
7.875431357890335660e-01
1.000000000000000000e+00
-1.000000000000000000e+00
-9.897524405035774686e-01
1.000000000000000000e+00
-1.000000000000000000e+00
3.014752217087837138e-01
3.565868097993325492e-01
-1.000000000000000000e+00
1.000000000000000000e+00
9.877362217124570076e-01
-9.984636326605298429e-01
1.000000000000000000e+00
1.000000000000000000e+00
1.000000000000000000e+00
9.986471214367010907e-01
-1.000000000000000000e+00
-9.685688146318448544e-01
8.150076018076701789e-01
-1.000000000000000000e+00
1.000000000000000000e+00
-1.000000000000000000e+00
-1.000000000000000000e+00
2.718392317292647048e-02
-2.785436983682560569e-02
1.941292113865379088e-01
8.980125438203102606e-01
-1.000000000000000000e+00
1.000000000000000000e+00
1.000000000000000000e+00
-1.000000000000000000e+00
1.000000000000000000e+00
-1.000000000000000000e+00
8.419806746059402269e-02
9.817619937854588086e-01
1.000000000000000000e+00
-1.876662881123473126e-01
1.000000000000000000e+00
1.000000000000000000e+00
-1.000000000000000000e+00
1.063619396783883064e-01
1.825611759276210277e-01
-1.000000000000000000e+00
-1.000000000000000000e+00
7.009462764230153797e-02
8.284361842474744497e-01
1.000000000000000000e+00
-1.000000000000000000e+00
1.000000000000000000e+00
1.000000000000000000e+00
-1.000000000000000000e+00
5.839104421336572814e-01
-6.312542919015347309e-03
9.844929458222088092e-01
6.668543245543563647e-02
9.276116411721817556e-01
1.000000000000000000e+00
9.434623563505704080e-01
-1.000000000000000000e+00
1.000000000000000000e+00
-1.000000000000000000e+00
-2.841001680575454547e-01
1.000000000000000000e+00
3.814198401023709550e-01
1.000000000000000000e+00
-3.180977596894754011e-01
9.946839311724408050e-01
-2.919284693034933653e-01
4.990240553554738945e-01
1.000000000000000000e+00
9.913671329005526722e-01
1.000000000000000000e+00
-1.000000000000000000e+00
-8.766393398098540346e-02
1.000000000000000000e+00
-1.000000000000000000e+00
-9.665645539957550270e-01
-8.946884617624465408e-01
-5.919971981613616485e-01
7.849401841533686364e-01
-1.000000000000000000e+00
3.714564103036892967e-02
-1.073279432963593349e-01
9.760007780872975713e-01
1.000000000000000000e+00
-1.000000000000000000e+00
4.956345816355961498e-01
1.000000000000000000e+00
-1.000000000000000000e+00
1.000000000000000000e+00
-1.000000000000000000e+00
-6.887576790307288199e-01
1.000000000000000000e+00
-9.994409658775174066e-01
1.000000000000000000e+00
-1.000000000000000000e+00
8.998732539038231115e-01
-1.000000000000000000e+00
-9.905765780685479860e-02
-8.586753242540490216e-01
8.242190609026918136e-01
9.674088641774745145e-01
4.967052294009517421e-01
-5.058345373382634458e-01
1.000000000000000000e+00
1.093041129074423939e-01
-1.000000000000000000e+00
1.000000000000000000e+00
-9.955449865364345285e-01
1.000000000000000000e+00
1.000000000000000000e+00
-1.000000000000000000e+00
-4.973057710927542008e-01
-9.817403653573627542e-01
-5.635923688336920145e-01
9.938632304041422616e-01
-1.000000000000000000e+00
-1.000000000000000000e+00
1.000000000000000000e+00
-8.054177287897550386e-01
6.062584336962960618e-01
9.941640657885545407e-01
-1.000000000000000000e+00
-8.941435092294676146e-01
-1.000000000000000000e+00
8.972968224905153445e-01
1.000000000000000000e+00
-1.000000000000000000e+00
1.233671017859150482e-01
-1.000000000000000000e+00
1.000000000000000000e+00
1.000000000000000000e+00
-1.000000000000000000e+00
9.072095207257832028e-01
-1.000000000000000000e+00
1.000000000000000000e+00
6.969580856611051756e-02
1.000000000000000000e+00
6.848225826517996273e-01
1.000000000000000000e+00
-1.386832260554950180e-03
-1.000000000000000000e+00
9.284014381776189984e-01
-1.753545632783544694e-01
-8.527183632401984514e-01
-1.000000000000000000e+00
-1.000000000000000000e+00
-9.999274384201375376e-01
-7.856435189504481498e-01
7.756538603617453287e-01
6.853312749317661545e-01
1.000000000000000000e+00
-1.000000000000000000e+00
1.000000000000000000e+00
-1.000000000000000000e+00
9.133320352677839482e-01
-9.545001427066253097e-01
-6.962989252032901755e-01
-1.000000000000000000e+00
8.274168804913056841e-01
1.000000000000000000e+00
-1.000000000000000000e+00
-1.000000000000000000e+00
-1.000000000000000000e+00
-1.000000000000000000e+00
-1.000000000000000000e+00
-1.000000000000000000e+00
-6.594281907560750958e-03
9.756798546208561573e-01
8.836436340254315569e-01
2.831172531177097440e-01
-1.000000000000000000e+00
-9.559560356635261602e-01
-1.000000000000000000e+00
9.539733148652203010e-01
1.000000000000000000e+00
-1.000000000000000000e+00
