-1.000000000000000000e+00
1.000000000000000000e+00
1.000000000000000000e+00
-2.105253490844761211e-01
-1.000000000000000000e+00
2.445487448996805091e-01
8.658477125371477623e-01
1.000000000000000000e+00
1.000000000000000000e+00
1.000000000000000000e+00
3.995915662929761525e-01
7.457088150353023970e-01
1.678776590305242900e-01
-9.064162378057173397e-01
-1.000000000000000000e+00
-1.000000000000000000e+00
-1.574277046785088618e-01
-9.704187193341569095e-01
-1.000000000000000000e+00
2.422927395631185588e-01
-2.642223611172178632e-01
-8.727524106348768518e-01
3.309575099289256972e-01
9.577531215199450720e-01
1.161128317794855314e-01
8.803909774209933703e-01
-1.000000000000000000e+00
-1.236793500820801694e-01
1.000000000000000000e+00
1.000000000000000000e+00
-1.000000000000000000e+00
1.000000000000000000e+00
1.000000000000000000e+00
-3.684889096573912837e-01
-1.000000000000000000e+00
-1.000000000000000000e+00
-1.000000000000000000e+00
-5.351960174860015407e-01
-1.000000000000000000e+00
-4.561656725232751119e-01
-1.000000000000000000e+00
1.000000000000000000e+00
7.214488929271603013e-01
-1.000000000000000000e+00
-9.363819785339575485e-01
-5.917955566858926209e-02
1.000000000000000000e+00
-9.512698569768850421e-01
8.584313332667906637e-01
1.000000000000000000e+00
1.000000000000000000e+00
1.371424932305229660e-01
6.910004994335329324e-04
1.000000000000000000e+00
5.474230669461829235e-01
3.516557410166643027e-01
-2.982447815739492913e-01
2.075353080494206914e-01
-1.000000000000000000e+00
-7.109920834287650759e-01
1.000000000000000000e+00
9.309792090646257234e-02
-1.000000000000000000e+00
-8.695043082004823010e-01
-7.734717212599990788e-01
-1.000000000000000000e+00
-1.000000000000000000e+00
-3.645893636398070403e-01
6.312339345285584713e-01
2.917946882076976056e-01
7.693292176207876532e-01
-1.000000000000000000e+00
-6.200111566156429888e-01
-1.000000000000000000e+00
7.859318591371720064e-01
7.650311804140912386e-01
-3.919986147893436690e-01
-5.073620941208527579e-01
1.000000000000000000e+00
2.311291703080575466e-01
5.694780319304431487e-02
-1.272706864251604009e-01
9.270525886704333862e-01
7.952459062967044690e-02
2.587726738252268399e-01
8.033322868200383216e-01
-1.000000000000000000e+00
8.585848050735611636e-01
-1.000000000000000000e+00
-8.462512864892871578e-01
-3.915211588132206377e-01
9.612568231578906275e-01
-3.013523996666635507e-01
-1.000000000000000000e+00
-3.171380988270555146e-01
6.091653143912505453e-01
2.861409465230886351e-01
9.375269305210367499e-01
-1.000000000000000000e+00
-1.000000000000000000e+00
-9.676157969014199667e-01
4.035704879154121127e-01
-9.633316165886997018e-01
1.000000000000000000e+00
9.751597606034506649e-01
8.344742563748736019e-01
-1.000000000000000000e+00
-3.641198423127523509e-01
8.033770392236053715e-01
4.733040012950617270e-01
-4.072234334969374037e-02
-7.671273997067422634e-01
-1.000000000000000000e+00
8.245733630322894525e-01
-3.249543467565478849e-01
-1.000000000000000000e+00
-8.369575248747398444e-01
1.000000000000000000e+00
2.962733836100188700e-01
-5.041165494104355577e-02
-1.308762675982849399e-01
9.729872120283955539e-01
-5.077261185364861928e-01
-6.299272163915417000e-01
2.049893964002104108e-01
2.781086413052197837e-01
-5.218208388740607218e-01
8.250837119600907821e-01
-1.000000000000000000e+00
-7.610626820099521961e-01
1.000000000000000000e+00
-1.352329391833571592e-01
3.529426688635572407e-01
-6.480411256214435589e-02
-1.470274357006434440e-01
1.000000000000000000e+00
8.239915310759735600e-01
-1.000000000000000000e+00
8.492816032036178964e-01
-1.009961271014919171e-01
1.000000000000000000e+00
-9.211415957811756039e-01
-2.012453671576397707e-01
3.035781262082852816e-01
9.048295836321108565e-01
1.000000000000000000e+00
2.361714503221294392e-01
-1.789820766090045867e-02
-1.000000000000000000e+00
1.266252734477878727e-01
-3.397949750913833444e-01
-6.370288674498352233e-01
4.459900892181500320e-01
-1.000000000000000000e+00
1.000000000000000000e+00
-1.000000000000000000e+00
1.000000000000000000e+00
8.421850191742733527e-01
1.000000000000000000e+00
7.718889111362158273e-01
-8.822925127184421124e-01
-5.166059106330145312e-01
1.000000000000000000e+00
-7.073802721771507707e-02
8.978997341445275060e-01
-1.000000000000000000e+00
1.000000000000000000e+00
-4.638558059919886123e-01
1.000000000000000000e+00
9.107409891906848021e-01
1.467829922644292018e-01
-7.918753448556730135e-01
-1.000000000000000000e+00
5.387264287408773944e-01
1.000000000000000000e+00
-1.000000000000000000e+00
1.765425091691660009e-01
-7.536538036443940491e-01
-9.222902580420085095e-02
-1.000000000000000000e+00
-8.252734217311694098e-02
-6.012392011990762564e-01
-1.000000000000000000e+00
1.000000000000000000e+00
2.191970310002431255e-01
6.945072144507266065e-01
2.355264436227573199e-01
5.809413848394665569e-01
5.625406149506191333e-01
1.000000000000000000e+00
-1.000000000000000000e+00
-7.646820486183553145e-01
1.113980201612568416e-01
-1.563381802267551635e-01
-1.000000000000000000e+00
9.192618602799127459e-01
-1.894201622672673779e-01
-1.626673042638514810e-01
-5.910466042817598131e-01
5.861386046128122529e-02
6.333197774403865887e-01
-3.978892507244595478e-02
1.441690842815281370e-01
-1.000000000000000000e+00
-1.000000000000000000e+00
1.928477816564561770e-02
-1.861948372865956103e-01
-8.884438553038509490e-01
-1.000000000000000000e+00
1.000000000000000000e+00
-7.509259430547796654e-01
-9.601103717567622819e-01
-1.918969747491162392e-01
-1.000000000000000000e+00
-9.984718269836051485e-01
-2.277328398781820196e-01
2.325433735606683705e-01
-1.374139423273354477e-01
-1.000000000000000000e+00
-1.000000000000000000e+00
-6.233757679195935930e-01
9.829496858732666986e-01
4.014495043872063906e-01
1.000000000000000000e+00
1.416077481583414288e-01
3.283573766415657236e-01
5.085333523840560588e-01
5.400201720517019410e-01
4.090901678076709902e-01
-1.000000000000000000e+00
-1.060639642605397531e-01
-1.000000000000000000e+00
1.000000000000000000e+00
4.764347170463378855e-01
1.224912069849604795e-01
-1.000000000000000000e+00
-7.806488616391965563e-01
7.846005251196005448e-01
1.000000000000000000e+00
6.598059226958626899e-01
-3.553993972346279340e-01
1.000000000000000000e+00
9.302392042810598838e-01
6.592355109038846583e-01
1.000000000000000000e+00
-1.000000000000000000e+00
-6.252467531815435464e-01
3.593581764731183514e-01
-2.015794100945492717e-01
6.402689065316118366e-01
7.509333548443520856e-01
-8.206760047146227643e-01
-8.071288350098579922e-01
1.000000000000000000e+00
9.043457073533471835e-01
1.000000000000000000e+00
9.901426838042883816e-01
-1.000000000000000000e+00
6.447728913133118356e-01
8.509458553008291126e-01
-1.518840866899416053e-01
-2.533463559469364412e-01
8.917723188184638605e-01
1.000000000000000000e+00
-9.939687601857297716e-01
