-3.601498084626412743e-01
1.000000000000000000e+00
-1.550323147640840227e-01
-1.000000000000000000e+00
-6.634861653693361339e-01
7.862222098314765040e-01
-1.000000000000000000e+00
-8.934883394255910272e-02
9.453961599474320909e-01
5.244798264999375181e-01
-9.418360717691883766e-01
-6.878325695945705087e-01
1.000000000000000000e+00
1.953793134687935029e-01
7.026467349837525189e-01
-7.634305713879748767e-01
4.987314381537397145e-01
4.811352428935666836e-01
-8.400756959232021925e-01
-2.864430629724910582e-01
1.000000000000000000e+00
1.000000000000000000e+00
-8.802728627080483870e-01
-5.064228151750722606e-01
-1.335760082492752909e-01
-8.720585937143147115e-01
-1.000000000000000000e+00
-1.000000000000000000e+00
3.172282357547377973e-01
1.000000000000000000e+00
1.000000000000000000e+00
3.662646917933169433e-01
1.000000000000000000e+00
-1.000000000000000000e+00
1.000000000000000000e+00
4.468309622098647349e-01
2.295797509881829929e-02
-1.000000000000000000e+00
3.203358169261112665e-02
1.000000000000000000e+00
1.000000000000000000e+00
2.027857952237340777e-01
1.000000000000000000e+00
-7.348525242931678303e-01
-9.994400115162653808e-01
9.916257983948814081e-01
-3.921764686764087626e-01
-2.875701452081744214e-02
-6.772346708730130338e-01
1.000000000000000000e+00
1.000000000000000000e+00
7.185541422640541187e-01
1.000000000000000000e+00
-8.824701115793619488e-01
-1.000000000000000000e+00
-1.000000000000000000e+00
1.000000000000000000e+00
9.904263815646989766e-01
2.347515467882536622e-01
-3.793295401038264125e-01
7.043478907241763620e-01
9.304310431806006587e-01
3.370681356427108338e-02
1.000000000000000000e+00
-2.736069930665081529e-01
7.128888996434545877e-02
-6.058476305652276128e-01
-1.000000000000000000e+00
9.808164192251902502e-01
2.505543568813711208e-01
3.667432210132644255e-02
5.612939453033312098e-01
1.000000000000000000e+00
1.000000000000000000e+00
-7.930946386282388127e-01
-5.044183665383860093e-01
7.746190917722275970e-02
6.576860372072690364e-01
5.287491793198937362e-01
9.143316328247925728e-01
8.560674328372963604e-02
-2.546807800790128473e-01
5.298069802689935326e-01
-2.117565689262592421e-01
-1.000000000000000000e+00
7.476042711590680234e-01
-5.698275002082328067e-01
1.000000000000000000e+00
-8.538201496229369525e-01
9.588907374000661399e-01
-1.000000000000000000e+00
-9.982675362704951372e-01
-1.596584488371530497e-01
3.335852683672337338e-01
-8.519522935708532252e-01
2.476389356285087218e-01
1.909056141591214950e-01
1.465112929223994775e-01
1.000000000000000000e+00
-8.654129427124083174e-01
-7.910258090489805660e-01
-1.388971981546681389e-01
1.000000000000000000e+00
-6.780925968590159614e-02
2.495510696176183874e-01
1.989241674797905535e-01
2.046164894631075093e-01
-5.669084876380363625e-01
5.087485809566045791e-01
1.000000000000000000e+00
2.555804045250403833e-01
9.550843602208050065e-01
6.931539567650462086e-01
-5.043663497992542100e-01
-1.000000000000000000e+00
-9.969750887502846215e-01
8.757333431047557015e-01
-1.000000000000000000e+00
1.000000000000000000e+00
1.000000000000000000e+00
6.730108741949054618e-01
5.491791609961479415e-01
-9.212196078291344792e-01
4.783626615583975727e-01
8.488582324967026693e-01
1.000000000000000000e+00
1.000000000000000000e+00
-1.000000000000000000e+00
-1.000000000000000000e+00
-2.922907474934093308e-01
1.000000000000000000e+00
-1.000000000000000000e+00
8.601621584107268514e-01
5.297632304336776787e-01
1.000000000000000000e+00
-5.638139652171418881e-01
6.937193634875457038e-01
3.897839864055262504e-01
4.256270886247868757e-01
5.150851432401727381e-01
-7.539822243315656980e-01
-3.189323283317955782e-01
9.781783839032713868e-01
-1.000000000000000000e+00
1.000000000000000000e+00
9.964084478035506454e-01
-4.678069232503113961e-03
-9.196568846948792730e-01
1.000000000000000000e+00
1.000000000000000000e+00
-9.868587407984493742e-01
3.917265731803340478e-02
-1.188727749294712747e-03
-1.000000000000000000e+00
-4.193882726696888108e-01
1.000000000000000000e+00
-2.553352462400331757e-01
-1.000000000000000000e+00
9.247071943056638793e-04
-6.786829115277565050e-01
-4.815486130921203811e-01
-2.908574175543221507e-02
1.000000000000000000e+00
-9.878406421611373167e-01
1.000000000000000000e+00
1.619391378221523847e-01
-2.780720065225685267e-01
-3.219009876155639605e-01
-3.790616573132867817e-01
2.507451924961318634e-01
8.323580968278779246e-02
7.656026568424879608e-01
1.989178362145195833e-01
8.477373851942442140e-02
-4.482030470600546490e-01
1.000000000000000000e+00
7.649998124145337419e-01
-1.933092013439916546e-01
9.866091738016020685e-01
-7.481201308614560119e-02
1.000000000000000000e+00
9.694749888089281287e-01
9.860276088500102842e-01
-5.568258561000962725e-01
-1.844259368627063078e-01
1.000000000000000000e+00
-5.592493677172353239e-01
5.680274609988569257e-01
-1.000000000000000000e+00
4.844708049900074420e-01
-7.533770042613213702e-01
1.000000000000000000e+00
9.650894364732065522e-01
1.000000000000000000e+00
-1.007223307687817315e-01
-1.766148145071605169e-01
1.000000000000000000e+00
4.785460874640378726e-01
1.184828109873068830e-01
-1.000000000000000000e+00
3.855373452317898408e-01
1.000000000000000000e+00
-2.454327648369694359e-01
1.000000000000000000e+00
-4.372570904412053094e-01
-5.505347451706004147e-01
-1.000000000000000000e+00
-1.000000000000000000e+00
9.441599227076133971e-01
7.742684901768288608e-01
-4.343740743415887562e-01
-1.950311379625943309e-01
-5.922167328492401461e-01
-1.000000000000000000e+00
6.382632061064291706e-01
9.441639531837192623e-01
8.889444403629286340e-01
-5.007475216992613998e-01
-2.443142986448302856e-01
4.883091827558379561e-01
4.163567138266222045e-01
-7.502804986315894653e-02
9.138565667159536110e-01
-5.407501137811423497e-01
-1.000000000000000000e+00
1.000000000000000000e+00
7.278959691587953973e-01
-1.000000000000000000e+00
1.000000000000000000e+00
9.955314596422042417e-01
-8.060793389235192397e-01
-9.681537526106512304e-02
6.750917581251673072e-01
3.795502382740967295e-01
1.142721462342757496e-02
9.935386649921198465e-01
7.025129426203845506e-01
-5.226829434724913209e-02
-5.431089011221001961e-01
-3.095326294624997643e-01
-9.999473796580158336e-01
-2.043346681660938302e-01
1.000000000000000000e+00
6.197768407100476828e-01
2.275723959502319038e-01
-9.711169646277791889e-01
-1.000000000000000000e+00
1.000000000000000000e+00
4.704174714663157397e-01
-1.000000000000000000e+00
-1.000000000000000000e+00
-1.000000000000000000e+00
-9.321601440121888293e-01
-7.479660941640311478e-01
9.866329034380695306e-01
-7.539163270209617851e-01
-1.000000000000000000e+00
9.687584901364914014e-01
1.000000000000000000e+00
1.000000000000000000e+00
-1.000000000000000000e+00
3.760340629507638033e-01
-1.000000000000000000e+00
-2.399540690723754865e-01
-8.268895652344793179e-01
