-1.706079090048123192e-01
7.041092987007532833e-02
-7.317188662979295932e-01
-1.049806214644169733e-01
3.222436491286292254e-02
-5.019683124050445810e-01
-4.296674180828466971e-01
-8.789652544659170008e-01
-1.000000000000000000e+00
-6.020314199124788823e-01
4.203953726503970589e-01
2.560124365727345919e-01
-7.227831349962803020e-02
4.886905558142736611e-02
8.776872116464762286e-01
4.306943264786592396e-01
-7.833192769272619982e-01
-1.000000000000000000e+00
-8.253669340982955349e-01
-2.499352619234079115e-02
-6.466156774102923555e-01
-4.171205052945984454e-02
-2.026338602184609150e-01
4.141247923703322842e-01
-2.763056128850021609e-01
6.017421102734414884e-01
-1.635847379770448140e-01
7.219267444192281058e-01
-1.000000000000000000e+00
-7.945019017561984198e-03
-4.928420644076291213e-01
-2.527182637223007733e-01
-7.070998470226006472e-01
-5.077762035160139353e-01
4.239275814938071041e-01
-5.225807839312758551e-02
8.468581789082194611e-01
1.773530236195077214e-01
3.865429177629202684e-01
-5.043997960464914609e-02
5.693169838012546169e-01
-7.349479641447537182e-01
4.868983160937387922e-01
-4.086501246875948873e-02
-5.257180966010784884e-01
7.919034508303779418e-01
-1.000000000000000000e+00
5.203872935936701971e-01
7.744846058297689684e-01
3.745663472253400461e-01
6.789324374333969292e-01
2.584403986488852945e-01
-8.238467011567123244e-01
-3.174302898375336857e-01
-4.756348240301582764e-01
-1.252767980068876519e-01
3.300609829909607607e-01
-8.647201544454740096e-01
7.119952944181324739e-01
2.265835620686640073e-01
5.732914913000958235e-01
-2.529326699065123640e-01
1.282369403532871155e-01
-2.817146343633382677e-01
-2.784155223360961773e-01
1.773292902532761228e-01
-8.819663903874177535e-01
-2.497856687988889990e-01
-6.784008899463866461e-03
-5.357948958871525669e-01
-6.406615909197646008e-01
6.189104477002794757e-01
-5.821404512516040880e-02
-5.604209470125205705e-02
7.675769860208980777e-01
-2.766510521859230076e-01
7.550757453012095777e-01
6.470294098868807353e-01
3.541461440306402086e-01
-8.866715247563755620e-02
1.101264703977636664e-02
-6.155435702723930369e-01
3.028810106861917206e-01
6.427672048545240990e-01
-9.448694523313779792e-01
-2.112021643511518831e-01
-4.900812322365148410e-01
1.354036751490400869e-01
-2.117265257048673785e-02
7.061212461822780062e-01
8.997097019003447160e-01
7.494508649585480686e-01
-8.941673959706264441e-01
4.270585989861561682e-01
-7.216129416527962137e-01
7.266774881493974769e-01
8.807821999052992124e-02
1.107519060742413047e-01
1.674602223923492561e-01
-2.640164489440523510e-01
6.143418688068878059e-02
-1.921448117160568514e-01
-1.000000000000000000e+00
1.000000000000000000e+00
-1.866124604175413426e-01
4.339879503170414599e-01
-1.358630058707751415e-02
-5.343100443056680859e-01
-8.397915771170079424e-02
3.464417767125757552e-01
-1.878450377614790112e-01
1.000000000000000000e+00
-1.935405744525124927e-01
2.033493617520715918e-02
-8.101786696414227107e-01
-7.180046306908091092e-01
-8.752888091588353348e-01
-2.423611943069411412e-01
-1.000000000000000000e+00
8.163611736275614428e-01
-5.713066727619234841e-01
6.362151659422453642e-01
-6.021676754250619712e-02
4.231304718697944112e-01
-4.414838464441522281e-01
6.479525558357084325e-01
5.702258729207825699e-02
8.550701153321736969e-01
-7.770016946964085625e-01
2.349000384187868162e-01
8.575734476257805827e-01
8.888293495976463260e-03
1.000000000000000000e+00
6.005673869003972376e-01
1.000000000000000000e+00
-5.687015029002632227e-01
-1.000000000000000000e+00
3.932744489366463703e-01
6.962106513059420632e-01
3.341788537559692296e-01
-2.413542585006686961e-02
6.712140104100431381e-01
1.353101409964241678e-02
-1.255105018464305056e-01
-1.000000000000000000e+00
-9.401089536978326500e-01
7.421633155843875285e-01
1.723835261050237766e-01
5.732750635179202359e-01
-6.292136588165687661e-01
6.779969497241357113e-01
1.463595633547183639e-01
2.941291110750172966e-02
-1.014345340849909932e-02
-3.255995948733172995e-01
1.000000000000000000e+00
1.000000000000000000e+00
3.426533132100275103e-01
9.855341545144864490e-01
-2.784748002590754501e-01
-5.398660569336344306e-01
-4.412308532113534687e-01
6.339695794233005666e-01
-3.494668985561141805e-01
5.516640521226779947e-01
-5.948229112167852106e-01
3.210448429978268736e-01
-2.871769656771305246e-01
3.402922730366058496e-02
-5.464388312065224795e-01
-6.382591545722117177e-01
3.321924220878706424e-01
-4.750026478206750835e-01
1.641944116648160479e-01
5.347954781940329055e-02
-8.235572399053470161e-01
-3.576942277206147658e-01
-7.851767457526662719e-01
-8.820667824806580626e-01
-7.744625154037128034e-01
-1.398066752090540432e-02
8.333417834382820244e-01
1.036147588682756193e-01
1.000000000000000000e+00
-5.395866190250719896e-01
-5.780991510044439924e-02
-4.844294438298618610e-01
6.872521232504633648e-01
-1.564616573302504698e-01
-5.485637818832463930e-01
-8.346073947383072511e-01
8.394787930620485616e-02
-3.675760596814516834e-01
-5.071640628855307309e-01
-6.373077386299260683e-01
-8.566426317359163711e-01
3.462914362795392886e-01
-2.811428612021301676e-01
1.765891402862125037e-01
1.000000000000000000e+00
8.850792744296502867e-01
-6.214584942216462293e-01
2.830697579974741918e-01
6.577623716733147496e-01
-4.565247959863821814e-01
-4.111632651922129678e-01
-3.998400196910474880e-01
3.724630617589364534e-01
4.296708462006945117e-01
-1.410803267131473804e-01
-5.756114684165415385e-01
-8.247716706907015638e-01
5.778355094432724437e-01
6.618595546247635353e-01
-2.392719321637258589e-01
-4.602804920815419809e-01
1.000000000000000000e+00
4.658826858819293260e-01
1.475838812572556613e-01
1.000000000000000000e+00
-3.307758974235452260e-02
-6.718130115828482296e-01
-5.441309890043367903e-02
3.409458658903223860e-01
9.099132624518738721e-01
3.469203056083122738e-01
-1.791642842483126274e-01
-5.606861084218170976e-01
-5.066239760955193461e-01
-3.790410017244160157e-01
-4.222731752600438759e-01
-1.801816320558336793e-01
1.743203921654847832e-01
-2.195021267734532378e-01
-3.045321940939892807e-02
-1.000000000000000000e+00
-2.366845796353096443e-01
3.025540739681915059e-01
-2.526712336016606053e-01
-8.897216086601281715e-01
-6.096405357112097967e-01
3.944590734464958337e-01
1.196646506338661792e-01
1.300319154985955239e-01
3.793014814333066087e-01
8.564662565822721563e-01
-7.201188878142097093e-03
7.831836871815441858e-01
7.641511302758523527e-01
4.931515572607507725e-01
1.000000000000000000e+00
-3.290922401453937884e-01
-3.715850601003373166e-01
-6.429562536554600527e-01
-1.000000000000000000e+00
5.896002925705059461e-01
-7.439804739369739739e-01
6.350106526311445343e-01
7.648039598004577888e-01
-5.205457459145551580e-01
1.622620498906724995e-01
-4.252828820982919311e-02
-1.466861289262569867e-01
2.955672720589497260e-01
7.153906815452563128e-01
