7.846769853210171508e-01
-2.373711111903200333e-01
2.745375984166207456e-02
9.010144988239765507e-01
5.706346387402005949e-01
-1.000000000000000000e+00
4.403033477142104801e-01
6.525831956590351091e-01
2.860256183355576742e-01
-1.544329147266708391e-01
5.867006605304950773e-01
-6.573545789528184580e-01
8.434309469613661125e-01
-7.286248366031133905e-01
7.551761210399415836e-02
9.548975439199931525e-01
-1.000000000000000000e+00
-2.084355208117745217e-01
-4.909004044607261918e-01
1.000000000000000000e+00
-9.528937491648449276e-01
3.915028692341745442e-01
2.974624763491277024e-01
-4.762100534173159816e-01
2.488353428966640635e-01
1.440549189609377223e-01
-1.000000000000000000e+00
-9.613319039336482019e-01
-7.105750465480340505e-01
7.357875185220525971e-01
8.700296411214627490e-01
-6.119807844304183675e-01
-8.690520096281904028e-01
-7.162105619385552568e-01
-9.672889850547978785e-01
-1.026656068359483170e-01
9.522412790767884605e-01
-1.672692539969989345e-01
4.504450816866178986e-03
-3.520506580236273941e-01
6.507647444614421683e-01
4.082322275975650561e-01
-9.425755028014621839e-01
3.479085287546291316e-01
7.969935741521302908e-02
1.065046541805736435e-02
1.645284992283673475e-01
-1.000000000000000000e+00
-5.504211946964159274e-01
-4.497853381590262156e-01
9.713631059655025712e-01
8.471181376324413703e-01
-4.882920355070560769e-01
-9.053382102401752451e-01
-8.616382235794416422e-01
4.379690333437067928e-01
6.123364287931754024e-01
-3.635430237309775769e-01
5.270526119125825693e-01
5.935437009426768329e-01
-4.619460144671803659e-01
9.388608869867554052e-01
-8.327281765187005691e-01
-9.173819463327148593e-01
-3.297139820471435279e-01
8.688274422709524325e-01
2.267139199735500321e-02
-8.496113037662774703e-01
-2.446354886645783488e-01
-1.113311005693888578e-02
6.838169859631084702e-01
-1.000000000000000000e+00
1.887690056332231858e-01
-9.864723672861632764e-01
-4.696297634955320377e-01
1.000000000000000000e+00
9.561682685111915214e-01
-9.390337398751207321e-01
8.048918986118870356e-01
6.287053167867978631e-01
7.370380216670751050e-01
-3.558669001480228855e-02
-7.785002714600934848e-01
3.579491016454036667e-01
-1.000000000000000000e+00
-1.197851694785652954e-01
4.265673608345076362e-01
4.760507784992371594e-01
-6.102442001074622757e-01
4.829792063700863447e-01
9.504497974294828788e-01
-6.391269421827996400e-01
-3.674008926259114682e-01
8.064601749963592470e-01
3.418749501873479812e-01
-1.701312665050282169e-02
-4.083665921994954484e-01
-8.949081103031252260e-01
7.618504396605132456e-01
-9.844896365235755731e-01
-6.144420248555858555e-01
6.231185232081281056e-01
-5.875208170891039333e-02
-5.749973271893240589e-01
9.402179832020269856e-01
-1.060325943111615210e-01
4.022574586931098040e-01
-3.911454187536887450e-01
9.861912178970134724e-01
6.375381187854622933e-01
4.437698233229701583e-01
-5.048249261824772072e-01
-8.497005692173068558e-01
1.345393246163222867e-01
-8.398932421185063835e-02
1.859297296459291871e-01
-1.000000000000000000e+00
1.000000000000000000e+00
-1.986035388980573191e-01
-3.992440624265626292e-01
1.952246621499937329e-01
-5.622048462460103035e-01
8.376260379031452707e-01
1.000000000000000000e+00
-9.071711963075012042e-01
-7.920014830926289107e-02
7.321568934757016756e-01
8.254797048886109989e-01
-8.682158773603927404e-01
-8.287169542529068123e-01
-9.302043391393973737e-01
5.673552473546651376e-01
-1.844172695217578817e-01
-5.386085624721391740e-01
-7.603249025154514840e-01
1.724543089005242114e-01
7.699064423967687532e-01
1.924802576901121498e-01
9.933482634115513576e-01
7.512631438329850919e-01
1.203962154541634161e-01
-1.000000000000000000e+00
8.347922373613428926e-01
8.942205931739143354e-01
-6.251659536178083565e-01
-2.174788953718836404e-01
8.943931428109181958e-01
-5.926131486742712562e-02
-1.868592680984649812e-01
-6.858788108902111880e-01
9.373227530166692301e-01
-1.000000000000000000e+00
-2.521331736296485992e-01
9.753587564912961083e-01
-1.532780959593713598e-02
9.914796006779693638e-01
7.173351098510781509e-02
5.981304072783889536e-01
9.549483691765755511e-01
1.000000000000000000e+00
-6.616256755264325884e-01
8.182431753868737445e-01
-5.947945239263927597e-01
-7.700491781489037235e-01
-4.520560253750114388e-01
3.341898739456710121e-01
5.197822819101919345e-01
-3.306417793421145834e-02
8.890906141628019954e-01
2.792795341294244671e-01
-3.255095387469943979e-01
6.625063357907268191e-01
6.692350261568488223e-01
8.130809582172606742e-01
-1.000000000000000000e+00
-6.376150910810390871e-01
6.912511076020687595e-01
9.333162648665829231e-01
1.000000000000000000e+00
-3.863184167871962504e-01
-2.725279230369143102e-01
1.000000000000000000e+00
9.292987687696105947e-01
8.839560462146092146e-01
-2.859822305241627172e-01
-6.744732723158612941e-01
-9.791658271933124658e-01
4.301991818030876935e-01
-1.000000000000000000e+00
1.000000000000000000e+00
-9.551618708987871242e-01
-8.285615127240364419e-02
5.712165339163096517e-02
-8.328448554095019274e-01
-4.586730541624960411e-01
7.011173835689447076e-01
1.000000000000000000e+00
-1.351139149650851246e-01
1.000000000000000000e+00
7.383754230808556307e-02
-1.554407362541966597e-01
-8.152610774106636704e-01
-2.672090103690813456e-01
-9.169597355993325261e-01
-7.502678277038175025e-01
3.380844472727592143e-01
5.655014068936974336e-01
-4.413378382259202648e-01
3.036775702721827286e-01
7.608142678454494767e-01
-9.674324044886333240e-01
-5.348553963040488801e-01
-2.092196654745471784e-01
-2.559436584439129247e-01
-3.642446675235717635e-01
-2.719984375718083602e-01
2.543541835577540766e-01
-9.106011155267389467e-01
-4.282134899586699517e-02
3.926440673225583544e-01
4.768104885719022246e-01
-9.992124192557053641e-01
9.677314974538017145e-01
6.425973102969180228e-01
-8.363620377756432189e-01
-2.523646763761896450e-01
9.742866628758124481e-01
4.549599638625839715e-02
-2.264732114806471963e-01
-4.074565439783817689e-01
4.065203711134317555e-01
-4.038020816542535474e-02
9.169679701704589458e-01
-5.540891915211609842e-01
-1.977208156537919315e-01
-1.596495820675334076e-01
2.131802561141520336e-01
2.472294907294101118e-01
1.071766100504374652e-01
-8.444078744856454710e-01
-3.005012895926956196e-02
-3.691063304886537666e-01
1.573437539597059565e-01
2.613309890299078675e-01
4.702650404605958623e-01
-7.136111043554742572e-01
-1.000000000000000000e+00
6.981520121217850150e-01
-6.986982499250797840e-01
-1.000000000000000000e+00
-6.118005051386078419e-01
-3.491494211736639874e-01
-9.879025472170823718e-01
-6.145511298723932425e-01
-1.000000000000000000e+00
9.783167245123682854e-01
-1.402699056779797560e-01
5.398812278738956971e-01
7.740918871339017571e-01
-6.956888544504529204e-01
-3.898543425513735228e-01
1.393264827675267936e-01
-8.539278972321353578e-01
3.503630546106057397e-01
-8.557937140615965443e-01
