-2.731631262343116595e-01
-1.713122622784432336e-01
-1.646435443302200485e-01
-6.655036346662089874e-01
-2.119672610890097619e-01
1.000000000000000000e+00
9.181553535842608138e-01
-2.693649151091115357e-01
-5.947862225827823535e-01
5.587932058160985926e-01
-7.546528087686709130e-01
-9.248451922346661025e-01
1.486808065016263780e-01
-1.000000000000000000e+00
1.177139082846511906e-02
4.283809752810299187e-01
5.786437914079544109e-01
-5.255077718168080780e-01
2.582157524875057231e-01
-8.626039189751920633e-01
-8.687632050502815950e-01
-6.621906643731767517e-01
1.034099190090832093e-01
4.059488032323847473e-01
5.301124380291559746e-01
6.221303286775449193e-01
8.163074611189450325e-01
1.000000000000000000e+00
5.250386193521388023e-01
-6.833660423081600044e-01
-3.987206230836955467e-01
5.345537378080548185e-01
-1.430782858168875432e-02
5.828611685644023988e-01
-1.020210538601338396e-01
9.217055352231832144e-01
-1.000000000000000000e+00
7.136401782394707904e-01
2.069275706986243857e-01
-1.706715451453210963e-01
6.722396602220052086e-01
-4.243002479383740644e-01
4.690922955735142841e-01
1.000000000000000000e+00
-2.226617805458059596e-01
-8.461835324060520414e-01
-2.771110011963957565e-01
-6.241154267742103912e-01
-2.266800542274272079e-01
-8.064256626962669483e-02
-9.306859316744022781e-01
-5.175136137533987712e-01
-1.513939167695293186e-01
1.000000000000000000e+00
-4.817475610657520613e-01
5.226400390437568877e-01
-3.090048254887266532e-01
6.153971493258575398e-02
9.941560501131167793e-02
6.075705723788460411e-01
9.992699697482471111e-01
-1.409987666844666754e-01
-2.203738340089431702e-01
4.867721561133888653e-01
-1.067942417122592358e-01
1.305663828153926509e-01
-6.098019485012392549e-01
8.240869153293294350e-03
-9.458177120067885746e-02
-5.426156258848072733e-01
1.000000000000000000e+00
1.659064202584454584e-01
1.084621819077755261e-01
4.102026066622073697e-01
-9.119774540924141526e-01
-8.548340326343640827e-01
-6.408547440839996723e-01
-3.525130122670206978e-01
-7.306046187066213005e-01
5.051387381865450887e-01
-1.000000000000000000e+00
7.081255914698478815e-01
8.418808933459811517e-01
7.716334510931250890e-01
5.121970019983080290e-03
-2.270684868135069423e-01
-4.518358163231555591e-01
-6.845368376135416710e-01
7.204694840750612839e-01
-1.238602945500622138e-01
7.813568760342364250e-01
-7.146364102526658879e-01
7.867308070955441046e-01
-8.818583410097883268e-01
4.727658926710723852e-01
9.747372011446345796e-01
1.000000000000000000e+00
1.500724903098696605e-01
7.392885064132294348e-02
1.000000000000000000e+00
-4.476828450090229450e-01
-7.596096315735133275e-02
8.202201990887033611e-01
1.000000000000000000e+00
3.783800322608760203e-01
-6.359211053183194684e-01
-4.082786013892866217e-01
-1.000000000000000000e+00
2.500115302995189331e-02
7.100728686516933896e-01
7.910020435994258303e-02
6.413152496181324658e-01
-3.969883796735462211e-01
5.151792678595854547e-01
2.705394960832663842e-01
-4.097118226509948169e-01
2.652913262844477371e-01
-7.222959820833978473e-01
2.095876497182054890e-02
5.179549936196548021e-01
-3.230260041421963990e-01
-3.374688788096838477e-01
8.757558533970378756e-01
-8.349452409402833286e-01
3.734132671819995197e-02
-2.906396729337937940e-02
6.732170136102479108e-02
-7.877871160744818191e-01
1.611776012027037464e-01
2.062320589715726515e-01
1.875293583954235066e-01
-1.144737609299285863e-01
4.968946609370394202e-02
8.215130304190864097e-01
-7.806509848610178048e-01
5.704018229413949648e-01
9.391215211493830761e-01
-1.000000000000000000e+00
-7.027830438197532059e-01
-5.234583703644595243e-01
6.139746558488563127e-02
-7.128911731473340785e-01
2.904100193292921683e-01
-5.639268209273260446e-01
1.335420755736776433e-01
3.984281291697602811e-03
7.848269715356129828e-01
-4.758592341280776794e-01
-3.618016573481772635e-01
-4.339661117551965597e-01
2.166681776472296206e-01
-5.447656753332934532e-01
-2.162438052043620662e-01
1.775620849584177985e-01
9.008724369732999948e-01
2.576259345257901900e-01
-4.982545160868340206e-01
-2.913884576854526287e-01
-3.729442686240296290e-01
7.905019261661396790e-01
7.980117090642856459e-01
-3.540321349263603635e-03
1.000000000000000000e+00
-5.498394922850342592e-01
5.035298478906486963e-01
-2.688451011544154556e-01
2.209350477207363550e-01
3.511009952024056746e-01
-3.110008549325496419e-01
6.944994126447256999e-01
2.740969114866337875e-01
-8.758344785988748660e-01
7.564903287647030128e-01
1.991729415985973306e-01
1.641089721619058139e-01
2.405162523279675071e-02
-8.290033092838051954e-03
7.157808824531693148e-02
2.953522704362835927e-01
-9.671230315753146511e-01
1.100214455948433784e-01
6.221673078627802944e-01
1.199488794171644085e-01
5.537493219837338332e-01
-3.832405095804288786e-01
-2.458619767142945778e-01
5.176526781435375479e-01
-4.686231570475666297e-01
6.886536951140086460e-01
2.510828815121104451e-01
9.983066527243589228e-01
-2.133104859865817271e-01
2.933941379980029018e-01
3.911324674796576861e-01
-6.200131874673149579e-02
4.207955048333449771e-02
2.592513480717236196e-01
-1.045779322434994274e-01
-3.573176936631229927e-01
6.438640408589982878e-01
1.198411837886274450e-01
-1.221707818115547184e-01
5.116777119524102968e-01
1.657845497270766522e-01
-3.747817476555198590e-01
8.141286830064177193e-01
-3.988614966546815688e-01
9.341912205636101474e-01
-1.000000000000000000e+00
-3.070877510679920763e-01
1.196825437245709056e-01
8.681060266255178348e-01
-9.416652630546761271e-01
7.613477871254069607e-01
3.599428046415266147e-01
-6.100861192892020890e-01
8.060802352274115679e-01
-5.546949561178393662e-02
-8.897884271521644406e-01
7.512584060372538008e-01
7.869036080361943020e-01
5.410738484490585920e-01
-1.000000000000000000e+00
4.110535232517130710e-01
-7.131568765891941331e-01
-1.000000000000000000e+00
-1.730952731094792182e-02
5.258431857844882984e-01
-5.560033051691931627e-01
-9.077132439436008671e-02
8.094965453749111139e-01
-5.182837912929136870e-01
1.000000000000000000e+00
5.441317234988148899e-01
-9.584926926777398437e-01
1.000000000000000000e+00
7.785991825290524693e-01
1.129256065160193084e-01
-1.942957996050919678e-01
-1.000000000000000000e+00
-4.910052753747587428e-01
-2.006480587440079288e-01
-2.749149730009091686e-01
9.300550374381603980e-02
-6.874828374502677253e-01
2.445375399764403157e-01
1.892203144392695380e-01
-2.519374133251967574e-01
2.525054406297654319e-01
-2.615061196823872391e-01
2.613715986114880652e-01
5.635460992206966363e-02
-1.555136373995498755e-01
3.213202035054154027e-01
-4.648683240908652592e-01
1.752795920336735341e-02
9.784064425362278827e-01
1.352804905850918116e-01
7.233795183318039168e-01
1.000000000000000000e+00
1.088619274335559245e-01
1.435762464103470804e-01
6.175608628193656191e-01
-1.129090224205411136e-01
3.759553746067822444e-01
