2.143266323885819891e-01
-1.000000000000000000e+00
1.000000000000000000e+00
-3.513826358582495812e-01
-2.845239790832676530e-03
-2.670537029449195909e-01
1.283208322807947166e-01
-8.784246029805951039e-01
-7.355158342990112397e-01
1.000000000000000000e+00
-6.270745233410225383e-01
9.917796215052375741e-01
-1.000000000000000000e+00
-1.000000000000000000e+00
-8.634774416848557399e-01
-3.957599542101594148e-01
-5.604824016754730298e-01
9.385067584072063207e-01
1.319729329872222079e-01
-8.220612176211542499e-01
1.000000000000000000e+00
3.643098390528123898e-01
-4.179862272623812713e-01
-9.932454342512264667e-01
3.320864003902602724e-01
6.457565723950567382e-02
9.195219054631967870e-01
1.000000000000000000e+00
-9.997691247979776374e-01
-8.280879893688386506e-01
-6.357279626336500566e-01
-2.444038299022269906e-02
1.000000000000000000e+00
9.934995117994140923e-01
4.892079557625695352e-01
-8.192984294321398187e-02
-9.713609266341839410e-01
-7.689848948478480439e-01
8.039405591026896891e-01
-4.778378440896351859e-02
-2.618848483582599251e-01
-4.499723221671722562e-01
-1.285782761770516702e-01
3.793699037410130925e-01
3.130521774278026137e-01
-1.000000000000000000e+00
-6.875441335018168676e-01
1.885210723821342804e-02
-7.390619079208274878e-01
-1.000000000000000000e+00
9.968434488943711536e-01
-1.000000000000000000e+00
1.000000000000000000e+00
-1.000000000000000000e+00
9.763606253368655175e-01
-1.000000000000000000e+00
-1.000000000000000000e+00
-1.000000000000000000e+00
8.677099379568770088e-01
9.870450432993611578e-01
9.987211700380533852e-01
1.918910221559883278e-01
3.305327954471287133e-01
8.173676811431720424e-01
-4.169496892108245367e-01
1.000000000000000000e+00
5.756501055677445411e-01
-8.758549445156908753e-02
1.000000000000000000e+00
1.000000000000000000e+00
-9.059285692751887220e-01
-4.664261209817159304e-01
1.000000000000000000e+00
1.000000000000000000e+00
-1.000000000000000000e+00
-1.000000000000000000e+00
1.000000000000000000e+00
-9.798817168518969556e-01
-1.000000000000000000e+00
-7.615256782306674133e-01
-3.544902094191751951e-01
-1.017252862181214496e-01
-8.314751818948655782e-01
-1.000000000000000000e+00
8.817085241319408961e-01
-9.347026254284825919e-01
5.252666575522756398e-01
2.021648434471386424e-01
8.920376835244374636e-01
-9.213213927007992687e-01
1.000000000000000000e+00
7.545005872568314453e-01
-4.490026219365004234e-01
3.464773337902960493e-01
5.850867035504159208e-02
-3.532574449522165594e-01
8.694706400140118641e-01
-3.000695057110298603e-01
1.000000000000000000e+00
-9.856466161079429078e-01
-6.823442970193500656e-01
3.666675063652807820e-01
-1.000000000000000000e+00
1.000000000000000000e+00
-1.000000000000000000e+00
-6.087621206642631622e-01
-1.000000000000000000e+00
1.000000000000000000e+00
-9.161294252074867472e-01
-1.000000000000000000e+00
-5.739488315239671401e-01
6.253917459593830719e-01
1.000000000000000000e+00
2.996871679014925446e-02
-2.502875076224773676e-01
4.455825591512637129e-01
6.723100348144823712e-01
5.818795629388604507e-01
-9.611985239314524421e-01
1.491501626048107876e-01
-7.480474221585720063e-01
1.000000000000000000e+00
-2.991116920688474679e-01
-9.774156165923593154e-01
1.000000000000000000e+00
-1.000000000000000000e+00
-5.382062880190086052e-01
-1.000000000000000000e+00
-1.000000000000000000e+00
-6.833978577537190846e-01
3.673969905044092155e-01
-1.000000000000000000e+00
1.000000000000000000e+00
-1.124257978344744974e-01
-9.886232274626377547e-01
5.837602625224943553e-01
8.642668151904241425e-01
-9.840508851947999958e-01
1.292963538351433184e-01
-9.986143110279396273e-01
6.237720811302820412e-01
5.290961984783614236e-01
1.000000000000000000e+00
-6.449980439345980310e-01
-1.000000000000000000e+00
-1.000000000000000000e+00
-2.999203209061236386e-01
4.391079145566867403e-02
-1.000000000000000000e+00
1.000000000000000000e+00
-8.387560398664727357e-01
-1.000000000000000000e+00
-1.000000000000000000e+00
-5.545899918031174103e-01
1.000000000000000000e+00
-1.000000000000000000e+00
7.874615187430616947e-01
1.000000000000000000e+00
-1.000000000000000000e+00
-1.000000000000000000e+00
-2.034189325648383048e-02
-1.000000000000000000e+00
-1.000000000000000000e+00
9.407098280848282812e-01
6.983707220393360338e-01
8.087006845904982644e-01
-8.611686172304120479e-01
-8.137772271172524774e-02
3.794049299101601713e-01
1.000000000000000000e+00
1.000000000000000000e+00
-9.643351199538490182e-01
-6.115736220100785880e-01
-9.194250107458193932e-01
2.429175282439042793e-01
4.270683447990164527e-01
5.982064008472121053e-01
1.285979738947513606e-01
-1.000000000000000000e+00
4.919916261952017589e-01
-8.735956446772810136e-01
5.856705004896854971e-01
-2.193621639398277978e-01
9.302743393079135337e-02
1.000000000000000000e+00
-1.969849792891040230e-01
-1.000000000000000000e+00
5.733299941358760421e-01
-1.000000000000000000e+00
-3.852419448839805582e-01
1.000000000000000000e+00
-6.356046999362254812e-01
-7.007131986278258839e-01
-4.084196825940249465e-01
-1.000000000000000000e+00
9.882763009779891306e-01
-1.000000000000000000e+00
-1.000000000000000000e+00
-9.646774045690349464e-01
-1.000000000000000000e+00
-7.592446513839632427e-01
-1.000000000000000000e+00
8.815317848379317089e-01
1.000000000000000000e+00
-4.441977042979215473e-01
-8.249194857528018288e-01
-1.000000000000000000e+00
1.000000000000000000e+00
-1.000000000000000000e+00
1.361937128141915698e-01
3.889127082353399656e-02
-1.000000000000000000e+00
1.000000000000000000e+00
1.000000000000000000e+00
2.753994911978108195e-01
-7.293699179756685247e-01
-6.894040595437365138e-01
-2.706809943277243072e-02
7.907922879335790300e-01
1.000000000000000000e+00
1.001054803113572284e-01
-7.355648561341153746e-01
5.918529927024289705e-01
3.268382488011051246e-02
-6.834587283570248140e-01
-2.899802791999382331e-02
5.988438943866694064e-01
1.000000000000000000e+00
-1.678947161269648269e-01
-1.000000000000000000e+00
-1.000000000000000000e+00
-1.000000000000000000e+00
1.000000000000000000e+00
2.961229093721476358e-01
1.000000000000000000e+00
-1.965793007759773781e-01
-1.103729387337203383e-01
-1.000000000000000000e+00
3.653366318089766307e-01
-5.630491148954998026e-01
-8.916900651806436429e-01
1.000000000000000000e+00
-1.859756524761829732e-01
1.000000000000000000e+00
-1.000000000000000000e+00
-1.000000000000000000e+00
1.000000000000000000e+00
-1.000000000000000000e+00
8.120653172212186632e-01
9.308454819050219209e-01
-1.000000000000000000e+00
-7.366199263466081115e-01
-8.875794731881293809e-02
-1.000000000000000000e+00
-1.000000000000000000e+00
7.845796424327460272e-01
8.980807709244559289e-01
-1.000000000000000000e+00
4.868843501527844175e-01
9.991513781240678460e-01
-1.000000000000000000e+00
5.527362209187297593e-01
3.705110155575155884e-01
-1.475468920954365326e-01
-5.282937790723276628e-01
