-9.963787966125075002e-01
-1.000000000000000000e+00
1.434613729412334282e-01
-7.266997534608612419e-01
-9.987544388251439198e-01
1.000000000000000000e+00
-1.000000000000000000e+00
-1.000000000000000000e+00
8.919179780364919763e-01
6.220098968753609570e-02
4.280397831555849408e-01
-6.014413476669431269e-01
-9.946514122148121251e-01
-8.809415081466143160e-01
-1.000000000000000000e+00
-1.000000000000000000e+00
1.000000000000000000e+00
-9.182708563685134662e-01
1.000000000000000000e+00
1.081916864059414285e-01
-9.295210895199302881e-01
8.031966051644198190e-01
1.000000000000000000e+00
-1.000000000000000000e+00
7.249604936427400670e-01
4.748790100487234045e-01
6.584843291794801878e-01
-3.674698503362276991e-01
-1.856186791204164077e-01
8.820733986019866357e-01
5.785257594020888350e-01
1.000000000000000000e+00
9.883146374991466088e-01
-9.911124075613014783e-01
1.000000000000000000e+00
-9.386824629440654322e-01
1.620702907152873906e-01
5.422064908608699163e-01
1.000000000000000000e+00
1.000000000000000000e+00
1.613095499065139715e-01
-1.000000000000000000e+00
1.056649565446719091e-01
-1.000000000000000000e+00
-7.497164708295646074e-01
-9.659532058917573716e-01
-1.000000000000000000e+00
1.000000000000000000e+00
-8.599827072251692295e-01
-3.338433539269485828e-01
-1.000000000000000000e+00
-1.000000000000000000e+00
3.544222308669082722e-01
9.992815673185880820e-01
-1.000000000000000000e+00
7.387069054794321854e-01
-9.983969307478319788e-01
-1.000000000000000000e+00
-1.000000000000000000e+00
-3.260390231407042094e-01
1.000000000000000000e+00
1.000000000000000000e+00
7.262584016917478236e-02
9.543789090852085044e-01
7.169625105949538613e-01
-1.000000000000000000e+00
-6.523629107916194547e-01
-1.074999497529621206e-01
8.403910407881817202e-01
5.817357961994942123e-02
-1.997194104655138358e-01
7.257696628199874489e-01
-8.659791048362823762e-01
-9.988744314519220069e-01
-2.589727349112553312e-01
1.000000000000000000e+00
1.000000000000000000e+00
9.455737901988755523e-01
1.000000000000000000e+00
-1.000000000000000000e+00
8.712278708799060523e-01
-9.105411854096022717e-01
-3.291342323330231356e-01
-9.263904713084929465e-01
-4.322945477411789805e-01
9.493411864490154395e-01
1.000000000000000000e+00
1.723443350532179452e-01
1.467005368471654414e-01
-4.576617583039117032e-01
9.931917118742592532e-01
1.000000000000000000e+00
5.716397276802911293e-02
-1.000000000000000000e+00
1.000000000000000000e+00
-7.603305163161419022e-01
1.000000000000000000e+00
7.249415620837287300e-01
7.222724530689897948e-01
-1.000000000000000000e+00
-1.000000000000000000e+00
-6.685126475645536415e-01
1.000000000000000000e+00
-1.000000000000000000e+00
-1.000000000000000000e+00
1.000000000000000000e+00
9.597409481653079721e-01
-9.030720911391619810e-01
1.000000000000000000e+00
-9.152298245849318503e-01
-9.789603214333802983e-01
-5.557541820783583608e-01
-8.872352413347962541e-01
-8.001422829829398786e-01
-9.330934684729854656e-01
-6.946796589096644325e-01
1.000000000000000000e+00
3.012806683095862192e-01
5.059221233827930764e-01
-1.000000000000000000e+00
-2.473193703144793143e-01
5.850669004792808936e-01
1.000000000000000000e+00
4.155972625610564464e-01
-9.308180853472262095e-01
4.048744044235899064e-01
1.000000000000000000e+00
9.677339983432561299e-01
8.992407222954676982e-01
1.000000000000000000e+00
4.189536855172423246e-01
9.399862741742880390e-01
-1.000000000000000000e+00
-8.945212692916316988e-02
-1.000000000000000000e+00
-9.973375207269027376e-01
-1.000000000000000000e+00
-2.764003747019815882e-01
-8.078880800864904899e-01
-1.000000000000000000e+00
-5.078778376119442717e-01
4.881329459355231992e-01
1.000000000000000000e+00
5.986446956352668991e-01
-1.000000000000000000e+00
-1.000000000000000000e+00
-1.000000000000000000e+00
4.244635334314772468e-02
1.000000000000000000e+00
-8.281714973968180571e-01
8.967975161062113898e-01
8.385587966276126792e-01
-1.000000000000000000e+00
1.000000000000000000e+00
-1.000000000000000000e+00
-9.533524387610133877e-01
-6.458686775829065585e-01
6.004720752635597791e-02
3.767288090962765956e-01
9.973828878271311371e-01
2.654441303967540744e-01
-9.158203929392266796e-01
-9.969942974093445320e-01
-8.793963290401292099e-01
1.000000000000000000e+00
8.146433404220460028e-01
9.418249717512375829e-01
1.000000000000000000e+00
9.884963804190217695e-01
-1.000000000000000000e+00
9.854980770025425496e-01
-1.076254138515153891e-01
-9.652458726290789048e-01
-1.000000000000000000e+00
-1.000000000000000000e+00
9.613500948646215571e-02
-6.480708822633755029e-01
-7.715118804778948736e-01
-9.550385821010665133e-01
-2.650821379078306950e-01
9.669137395859246364e-01
4.305095694744802692e-01
-1.058063292008258882e-01
9.622101342285395154e-01
2.513216158655344756e-01
1.000000000000000000e+00
-9.774646039371536199e-01
2.732560419957498765e-01
-1.000000000000000000e+00
9.073916371626272737e-01
5.285120203246784776e-01
-1.000000000000000000e+00
-9.795936305146942802e-01
5.423466095639191409e-02
9.566402195515684159e-01
-2.783540184686343344e-01
4.285308703441131351e-01
9.378958767366846194e-01
-8.918148549172467687e-01
-1.000000000000000000e+00
-9.769678890870850951e-01
6.930279691543114184e-01
9.778427799531581588e-01
1.000000000000000000e+00
-3.123043799712733604e-01
-9.866458172036112195e-01
-1.000000000000000000e+00
-2.168363639616630034e-03
-5.620321681782307621e-01
-1.940929876069157900e-01
-1.000000000000000000e+00
-9.633819583404350517e-01
-1.000000000000000000e+00
1.000000000000000000e+00
1.000000000000000000e+00
-1.399667593123041787e-01
-1.000000000000000000e+00
-7.703646950335855115e-01
-4.387451820046665008e-01
9.345144427238545326e-01
-1.000000000000000000e+00
1.000000000000000000e+00
9.213156843211249836e-01
-9.517090510389589753e-01
-1.000000000000000000e+00
-3.845759886389675808e-01
4.423120924185829361e-01
2.893631676599522917e-01
-3.061783523131331730e-01
-7.017054655513403905e-01
-1.000000000000000000e+00
1.000000000000000000e+00
5.919761044582905196e-01
-8.183550661740152110e-01
8.670763092173880970e-01
4.790739343007673900e-01
1.000000000000000000e+00
2.078984860831939452e-01
1.000000000000000000e+00
5.043494769999230520e-01
1.000000000000000000e+00
-1.000000000000000000e+00
2.424832130425143562e-01
1.000000000000000000e+00
1.000000000000000000e+00
9.890129303410617467e-01
4.363447575080831031e-01
7.015805991729773261e-01
-3.945563251688001261e-01
-1.000000000000000000e+00
-1.000000000000000000e+00
5.349090883640474914e-01
-3.178055410504923017e-01
-1.000000000000000000e+00
-1.000000000000000000e+00
5.267805326000926103e-01
-1.000000000000000000e+00
1.000000000000000000e+00
1.000000000000000000e+00
4.318927054209972805e-01
1.000000000000000000e+00
7.401843048678449222e-01
1.000000000000000000e+00
9.701714263595537791e-01
9.334846990653338228e-01
