-8.161941633415024100e-01
9.705131335093226674e-01
-1.078499651633866019e-01
6.035407781359171109e-01
1.501163751811538521e-02
-6.716203993105274161e-02
-7.750085853546155867e-01
-3.465620174378445939e-01
9.940655151936710343e-01
6.719096808570095281e-01
-8.500794964114174457e-01
-7.574990492772147865e-01
5.315521809884284909e-01
-6.972574004553476756e-01
3.736879399069812369e-01
4.739222334905858203e-01
-3.091222448579175053e-01
-3.803182269248259750e-01
-8.399322357702796449e-01
-2.967191516747031965e-01
-1.806913905469160753e-01
-4.359133385260574034e-01
8.838753659214746428e-01
-2.762871390025883334e-01
2.469267243644253096e-01
-1.813449333665975161e-01
-9.391808254341740270e-01
-2.729511846768890582e-01
-4.066823839316691114e-02
-6.048810299358753362e-02
1.906337399244351083e-02
6.253514025572513846e-02
8.429806204684545112e-02
-4.871205340083231139e-01
-5.222628007156444596e-01
3.969127611579825743e-01
-1.000000000000000000e+00
-2.374039898124176151e-01
1.242050568199346144e-01
2.725537204773234579e-01
-2.445062114103304651e-01
7.923335136150417846e-01
2.866783197454729759e-01
-4.573910373338516688e-01
7.859031430168554877e-01
8.706019849817900891e-01
1.450459537850832259e-01
8.752120289365472594e-02
-5.198034686681990424e-01
7.888954649409014586e-01
8.381480915278054500e-01
6.197428721567813659e-01
-1.134071646025904823e-01
6.838196169935133462e-01
1.468195822464168909e-01
4.608008813363613232e-01
1.559719436919628777e-01
-4.276194265070681344e-01
-5.159011085593816492e-01
-6.595917610698598388e-01
4.504028824446049684e-01
9.719456854914678701e-01
1.061712892744178516e-01
4.986666954593722556e-01
6.000651499597723371e-01
-3.430545844702240776e-01
3.671686492338732677e-01
-1.519619727995546454e-01
-7.119324074778556888e-01
-9.891844990039109220e-01
6.940200999064707332e-01
7.395303573549776299e-01
-6.829104449574996405e-01
2.803980023229852847e-01
-1.622983315916426417e-01
6.916774756276689029e-01
-7.225740447911657149e-01
1.117600330631778327e-01
4.296955936384365682e-01
-3.824294219353302493e-01
-4.952715768556670284e-01
3.690217213628319559e-01
-4.252518972979777434e-01
-3.366182952479921386e-01
3.406653115190527714e-01
-2.313795129766660075e-01
4.087350499576691831e-01
4.139655471725387503e-01
-7.142452371524163901e-01
-3.411461963350033155e-01
1.592971847144808439e-01
5.954388624999231716e-01
-1.474373271339299851e-01
-6.244852085038954392e-01
-6.283804328413037377e-01
-3.162449850504516213e-01
4.925554101635900572e-01
2.284450824106307731e-01
-2.745276377330758688e-01
-3.277914295589107185e-01
8.164109033403531557e-01
7.890384100869696216e-01
2.843592251198914234e-01
-9.043889328403209582e-01
9.912980138308049582e-01
-8.639922687135248580e-02
-1.000000000000000000e+00
3.511959850406505268e-01
6.146324549625019618e-01
4.913748529329637904e-01
-7.507709289860595714e-01
8.451802183896532927e-01
3.222748521055138760e-01
-4.616974303044723005e-01
-1.993214641729865177e-01
-8.619412648106186681e-03
9.150258066577682259e-01
1.794322752622170558e-01
1.317076627038673564e-01
3.846868109017003157e-01
-1.391852681374914358e-01
7.405176050538273547e-01
1.058225939511198421e-01
1.363871102577463024e-01
4.023466990716522140e-01
2.706392866518853579e-01
-2.085224223226249674e-01
-4.873141279814050542e-01
-9.326739184255183890e-01
5.686858250867279363e-01
9.266683489410940666e-01
4.344368306565644655e-01
2.248647016577387525e-02
-2.164656543173253400e-01
-5.369762229795016495e-01
-2.786661772227037037e-01
3.494667273454798995e-02
1.477083060476386545e-01
2.200053065298412935e-01
9.766323821063644939e-01
-2.192985035319472420e-01
9.746391860888758973e-01
-6.466228948217045414e-02
9.482040987802800025e-01
-4.863699076728678072e-02
-9.616084314787094467e-01
5.922677210333124886e-01
5.802302809302490871e-01
8.675918749068776137e-01
7.018852584165901076e-01
1.927722452570261868e-01
2.015500799237924245e-01
-1.990933550034905686e-01
3.387587881929430278e-01
5.610812585965179178e-01
3.577050699272767975e-01
8.118913341548985585e-01
8.896894281650011838e-01
3.856694540343347799e-01
-8.778493765344388411e-01
-6.395999874218685211e-01
4.955237617018788399e-01
6.549662314899011850e-01
4.097991791611483858e-01
-5.223356932256565388e-01
-3.476610164425928406e-01
-8.202343733309607199e-01
-6.289616852633452826e-01
-3.919893446622080280e-01
-1.000000000000000000e+00
9.961074779483836128e-01
-1.000000000000000000e+00
8.240943515999114011e-01
-3.373681974376678272e-01
-8.114717110819902324e-01
-3.108769470113885713e-01
9.228116610511905016e-02
-7.621011182379221482e-01
6.917403898764920012e-01
4.942452487779533943e-01
8.569539498111429232e-01
-9.205988421976180058e-01
8.749181410191975150e-01
-1.346325470808997782e-01
1.205537678105728372e-01
3.385069577787422901e-01
3.747434648678356073e-01
-4.546191078481853776e-01
6.050386941076486558e-01
-7.122641884503737586e-01
1.627050856792355282e-01
6.653272673405645765e-01
6.736824634252003285e-01
-1.000000000000000000e+00
8.145592170587778735e-01
-3.987642798540156353e-01
-8.488703602513408830e-01
-3.684339298003471708e-01
2.986238810281489631e-01
1.000000000000000000e+00
-4.320504811024106218e-02
1.592219181758125490e-01
5.060781521643740177e-01
-5.077843878341193884e-01
-5.573234501810266917e-01
-8.732446842827166211e-01
-7.670993867955442358e-01
1.000000000000000000e+00
9.878234675773216455e-01
4.989517226133119987e-01
6.340044975420819906e-01
-3.182463900668909274e-01
6.824694247184904805e-01
-3.158264953018630194e-03
-8.340045082974034685e-02
-7.694932744770675015e-01
-3.857356597708609391e-01
-2.451287632163414720e-01
2.883805817338624955e-01
5.727549380904539689e-01
1.307632454538103506e-01
6.115736285526212068e-01
-5.543006020902723208e-01
5.933737818980516776e-02
-6.098803910894219360e-01
-9.317731035957641517e-01
1.533267211520831508e-01
3.950391273312821028e-01
2.769059830659610366e-01
-5.835475228729314345e-01
6.795273548181031131e-01
-7.689800119636018838e-01
-8.993836644784847234e-01
-1.378967121057728673e-01
8.243231369701001787e-01
-7.097579727917183723e-01
8.364927008646831919e-01
3.834736673475367397e-01
5.149312460653507895e-01
-7.097636748432557541e-01
6.444512435119016391e-01
-1.419293784098607514e-01
-3.487557923872909860e-01
3.121911298791501532e-01
2.106942359985845559e-01
4.114746734313088350e-01
-3.906450532780955109e-01
9.622376599330833002e-01
-5.965367081954753292e-01
-7.287583822965113534e-01
6.136002327004723700e-01
4.211699171836109923e-02
-8.133318652644165869e-01
6.932432032375146491e-03
1.629518402416765821e-01
-9.249373290607822984e-01
-7.493513270520506531e-01
9.426902315159852996e-01
8.358128578142185461e-01
-4.947272142965477570e-01
4.191932990454763086e-01
1.544684434696801389e-01
6.464895133525397908e-01
-6.037701281428465849e-01
1.244180043483713027e-01
