6.204441563595717302e-01
1.846053877827370515e-01
-4.670991713711617477e-01
2.012003596523209425e-01
-4.847877463579423618e-01
6.199402038702932494e-01
-7.632367842176680794e-02
1.000000000000000000e+00
8.349825100766851138e-01
-1.000000000000000000e+00
-1.000000000000000000e+00
-6.991018625287627186e-01
-9.968943785111724631e-01
-5.831760420443639070e-01
3.257194351239167673e-02
2.959258143189397727e-01
1.748690779826933550e-01
-8.764017703284103789e-01
-4.760804888117474154e-01
-7.386589237199672198e-01
6.325905189033012577e-02
1.000000000000000000e+00
-3.653470730127370003e-01
6.180584193950314775e-01
5.819629438052570380e-01
7.946497050194294420e-01
-8.376242972915263207e-01
9.929565118833956205e-01
-1.876832951065767752e-01
-6.774685963832182134e-01
1.846505311392487858e-01
1.966995461757953811e-01
6.206077878528222236e-01
-2.407386333311349047e-01
-1.824057588288362508e-01
-4.025661251898209891e-01
3.820597034551218574e-01
1.598845820328105849e-01
-7.152876780989209093e-01
4.160615849461350990e-01
2.541160106812557773e-01
6.854846678243922131e-01
-5.679835404066690963e-01
7.665742198255715012e-01
-3.253632914385150010e-01
-3.359533505900839101e-01
-4.436537174032773589e-01
4.158410407362022609e-01
8.164684181490099446e-01
3.170922480749174821e-02
-3.388472600859047668e-01
2.130913465852886934e-01
-4.171607790357752532e-01
3.638380245277634817e-01
-2.849213219654215257e-01
1.000000000000000000e+00
-9.773529433047188908e-01
7.188810621006723744e-01
-3.138470383967958410e-01
6.062113698803113238e-01
2.073721937110646618e-01
-6.672676596451222464e-01
2.670861171201456830e-01
-1.403747250763001109e-01
-7.810716304517757447e-01
2.978336233709338310e-01
-7.561213251680848346e-01
1.000000000000000000e+00
5.668082747401363974e-01
-7.130013690435359486e-01
8.087681672151365575e-01
1.000000000000000000e+00
6.657885302330972532e-01
-6.624186290812789091e-01
4.592745582823236639e-01
-1.041439384307676908e-01
2.327301813977962486e-01
5.692151856626916917e-01
5.694832183615640142e-01
9.985897631215655545e-01
8.734626537975380689e-01
-2.376388932627563066e-01
-9.992456413069842336e-01
3.718978135820502628e-02
3.949901654162421560e-02
-9.798991996794218506e-01
4.462298135690835887e-01
-1.000000000000000000e+00
-7.324409972192134077e-01
4.464203419985940391e-01
9.394534255906769049e-01
3.737207828455017811e-02
1.000000000000000000e+00
3.856810795273447057e-01
9.968430275567742305e-01
9.835078881880895407e-01
-3.347231528281334745e-01
-1.595812902133901812e-01
-1.691700364003634605e-01
-7.758638229763447081e-01
-4.379709097029167997e-01
6.397623172832109795e-01
-3.432757949767497041e-01
4.114948465705388636e-01
1.720627409077623016e-01
3.969101530187307270e-01
2.573874898157224034e-01
3.751840018436526369e-01
-2.662442407095868546e-01
2.314422356035311101e-01
-4.216680699887420114e-01
-3.112201901032989881e-01
3.438739174210033167e-01
-5.803046327110211733e-01
7.696788210317554446e-01
-1.000000000000000000e+00
3.383296317385126595e-01
2.724218439732267044e-02
-7.162400087240218260e-01
8.051410518439440223e-01
3.692991575791398362e-01
-4.753178426279321828e-02
-1.311554128123091079e-01
-9.079562408504093796e-01
-1.552705937470033604e-01
-1.158202318994458607e-01
-1.000000000000000000e+00
-3.042119623305117870e-01
1.349130920578457682e-01
5.992443158476300491e-01
1.000000000000000000e+00
1.893551408242657719e-01
-9.533067809075437271e-01
1.000000000000000000e+00
-7.287088997014279368e-01
-1.000000000000000000e+00
-7.361344192105252482e-01
-6.594399575606021413e-01
9.768913982594922274e-01
4.785992785896598933e-01
-3.281816976402041619e-01
-8.726419960697281986e-02
-2.655569719841587295e-01
8.167456631975410497e-01
6.234360831839279582e-01
9.346797964522728375e-01
-5.864297445212162119e-01
-4.713921376794509843e-01
5.825315592376052454e-01
1.633041693712524167e-01
4.674953230605797816e-01
6.686728958035378367e-01
-8.648848305787618651e-01
7.937311185601176877e-01
-7.449727092841641474e-01
-6.169247795348332675e-01
9.880541831217610760e-01
-1.000000000000000000e+00
-4.333345976756135254e-02
1.000000000000000000e+00
8.640706269265918671e-02
-2.250693430144787566e-01
-1.872786482240012262e-01
-7.254489168953043299e-01
-3.055203234045776317e-01
8.224308702062208543e-01
8.039623453985657031e-01
-9.029086016149326932e-01
-1.000000000000000000e+00
9.108955578958930488e-01
-1.377010284308690657e-01
7.471748539952950408e-01
-1.000000000000000000e+00
-9.116367486357426220e-01
-9.491447975340727705e-01
1.000000000000000000e+00
8.088145024089290480e-01
-3.462003812414863324e-01
-4.369828608292561367e-01
-3.749744014337189624e-01
7.064087890142660697e-01
-3.647675099334393156e-01
-4.441949765833681507e-01
9.397448672580179796e-01
-9.479756244849439906e-01
-3.131436818316911674e-01
5.224713853128101215e-01
5.919176114845648984e-01
-1.000000000000000000e+00
7.251737683297675152e-02
6.741574439220884285e-01
1.734342114121676381e-01
-8.866838578217448585e-01
2.380271468965075021e-01
1.000000000000000000e+00
3.374056780815458678e-01
2.942377844250221863e-01
-3.591164337468160661e-01
3.272347070102840649e-01
-7.565970573607816441e-01
8.697093789674300579e-01
-6.139500951114026384e-01
-4.381554894425673807e-01
-9.399018448979388207e-01
3.395271728890946195e-01
-4.080894974435526623e-01
-4.572974675579684067e-01
-7.809749291793441905e-01
9.845208480847658095e-01
-3.511737327329573777e-01
-6.427538010444366900e-01
-1.000000000000000000e+00
-3.335525006621265498e-01
-6.033407200097894441e-01
1.000000000000000000e+00
-9.172097683047331085e-01
9.746794804441597515e-01
1.539609320792174885e-01
-3.889721854797024286e-02
-4.499122588403512424e-01
-3.826247964519740186e-03
2.316990424495262435e-01
-7.478433612394511654e-01
1.000000000000000000e+00
7.634452770510942177e-01
-1.000000000000000000e+00
6.791330919202358263e-02
9.924565580877056092e-01
-1.000000000000000000e+00
6.712453726977946067e-02
-9.437602654352954534e-01
-2.819895466210111112e-01
7.008117743905674102e-01
-5.064778352355502333e-01
-4.867057104409833745e-01
4.295667389049696583e-01
-9.268936367831366319e-01
9.504075041631178111e-01
2.641302967598297413e-01
-6.828032400124648404e-01
-7.245215311998158825e-01
-6.787912570995772166e-01
-2.162711841485387976e-01
1.843094418745978846e-01
5.840152940804822501e-01
-6.779002270646091732e-01
2.216205652725665998e-01
-4.087419485501246896e-01
7.316225074153445140e-01
-9.034810194756567325e-01
-7.975815212098277263e-01
9.151654940914958347e-01
6.665656354717659493e-01
1.000000000000000000e+00
-2.048659520880321550e-01
-3.102079984575308313e-01
-3.489462068087116342e-01
1.000000000000000000e+00
2.422106985262543477e-01
1.000000000000000000e+00
-9.476801122331219851e-01
7.295985650820987489e-01
-6.518417676142289618e-01
-1.860654186577197222e-01
-9.146851609661178495e-01
