1.601083076377286529e-01
9.535142300044682218e-01
1.000000000000000000e+00
3.334073847382078015e-01
4.847398170858671640e-01
-1.000000000000000000e+00
2.827323886226697502e-01
-3.590974945955265341e-01
-4.999277263684918649e-01
6.543578424314892006e-01
2.848701757632058906e-01
-9.565569218096366955e-01
1.583557346012275102e-01
-2.987814715452961067e-01
-1.806355804913205854e-01
3.466466360351088682e-01
1.121610086424454367e-01
8.666402108551384265e-01
6.405808772150041186e-01
-9.922975301369160173e-01
1.744381013180955897e-01
-4.203814785752082450e-01
2.046896551479981119e-01
6.753560295593054041e-01
2.410893166947831456e-01
-9.499403563407852191e-01
4.228455750328036222e-01
9.060734749947323419e-01
1.565390048691271685e-01
6.296934666533710034e-01
-6.237418465090098507e-02
9.765628462133340015e-01
-6.080327005688823672e-01
-9.799300394865548824e-01
-3.312964146833032864e-01
1.000000000000000000e+00
2.478429070181179528e-01
-9.791764813601120387e-01
1.000000000000000000e+00
-6.105016744428896081e-01
-8.122037696753956482e-01
7.207036558140923477e-01
8.020614480287534265e-02
-2.993905484308268528e-01
-1.886515515146839350e-01
7.393902730747471674e-02
-3.995461705188805279e-01
-4.711137601492559335e-01
7.581274730021563268e-01
-8.687514946682363126e-01
-7.515805985219736751e-01
7.533746495827717826e-01
7.906810241353667834e-01
-9.081782588846969428e-01
-6.039751516192767289e-01
-6.292400477836020967e-01
6.003881385805160953e-01
-3.356994972299640612e-01
9.241185691140419989e-01
1.000000000000000000e+00
4.726313593413455361e-01
-8.385857863229088105e-01
6.244032570486471867e-01
8.172114753153515432e-01
-2.565399417798728265e-01
-9.687029849678502336e-01
-3.717584661585686678e-01
-4.266526234736703893e-01
-4.535270796112099156e-01
-2.734301355614642826e-01
2.140188492071776194e-01
-3.306055592860846493e-01
-7.877518604619477838e-01
6.089835245303241162e-01
1.000000000000000000e+00
-1.522080086628546658e-01
-3.968628499133098342e-01
3.443509916691466777e-01
-2.805744597980660004e-01
4.285645659577322908e-01
-8.761229343569376660e-01
-9.725074981473378344e-01
-4.008991978905118714e-01
-3.652787658687202121e-01
1.000000000000000000e+00
-8.491154814662313921e-01
2.065871911316966014e-01
4.144417269075981736e-01
8.126168856960512832e-01
6.980135822051178884e-01
2.361545690956100285e-01
2.061886402467515422e-01
6.857954459119154356e-01
-3.800063986552086881e-01
1.000000000000000000e+00
8.525785769340230580e-01
2.621478068855759291e-01
-4.698076347156061039e-01
1.000000000000000000e+00
-1.308115890810861714e-01
-7.338987300384693935e-01
1.000000000000000000e+00
-4.171585520242072631e-01
-9.895649983872096822e-01
1.000000000000000000e+00
-4.556251868962712948e-01
-5.525438092400573042e-01
-6.975137795909047700e-01
7.617411798222354369e-01
1.000000000000000000e+00
8.344240554597598392e-02
7.722996213619072181e-01
-1.000000000000000000e+00
-9.385814506645211441e-01
7.248600210490498963e-01
-2.685995580726312504e-01
-1.000000000000000000e+00
7.504679330826578010e-01
1.000000000000000000e+00
-1.000000000000000000e+00
-3.582080046879674295e-01
3.002813249654587638e-02
9.030714791114348161e-01
-1.000000000000000000e+00
1.000000000000000000e+00
9.717291956518859797e-01
6.418807368296765292e-02
9.876764484843345571e-01
-2.599819669175825743e-01
7.346991939198098676e-01
-9.420212308868919360e-01
5.239189580449297168e-01
7.783323510093539399e-01
-3.369517627309275842e-01
1.244421697905554181e-01
-6.174789545270202851e-01
5.287155428819232394e-01
8.410788822540541387e-01
-5.728618892726607126e-02
-1.878542607607284198e-01
1.000000000000000000e+00
1.318640506753714359e-01
-2.251357877182536271e-01
5.352449458485564193e-01
3.429221505241215606e-01
-8.592104244290723614e-01
-4.097880453017131025e-02
2.498659838509764697e-01
1.000000000000000000e+00
1.731426686414528349e-01
7.654322103800892396e-01
-2.359700642035356954e-01
3.211883034108290458e-01
7.996431899138080335e-02
3.255146876683445711e-02
-8.700290966907497925e-01
6.182553556901253522e-01
7.998269495562007059e-01
8.913876721062954367e-01
-9.378826674141461650e-01
-9.878268105151634115e-01
-9.279135887205924860e-01
-2.587584008337840968e-01
1.423617457666104258e-01
6.658316689524016452e-01
4.024560861478650997e-01
-1.000000000000000000e+00
-7.624233515371824366e-01
-6.995919911266755831e-01
3.581552371879461183e-01
-1.950899909868191451e-01
-4.999364035189481359e-01
-9.407166593482291228e-02
9.890184137086687199e-01
-7.641323582966227379e-01
-8.125362525777047873e-01
6.766678333188265171e-01
8.594139339854967030e-01
-1.990265830246178147e-02
8.317430025499382706e-01
-2.818671757627930208e-01
3.878629840003701146e-01
-1.508162298246146227e-02
-2.310576727717565670e-01
4.927156113253705616e-01
5.708123799031283863e-01
3.428855132778529935e-01
8.606748602647983359e-01
1.500086396891442686e-01
-1.652715100058221032e-01
-8.909522555889911599e-01
-6.538555138057660088e-01
-4.836261937436858727e-02
8.368825786410445666e-02
1.000000000000000000e+00
-2.922161688621326969e-01
6.164417587163704138e-01
-5.511432455118361329e-01
1.790837398186486129e-01
6.858627486452372191e-01
-6.827901713938802075e-01
2.172394602530436369e-01
9.111643169285120747e-01
-3.213358709763912691e-01
-8.905320886172169992e-01
8.207231479143103359e-01
-5.273215365225714102e-01
5.671888522773878005e-01
-1.545643172932671949e-01
2.591375724840112166e-02
9.986105007305153825e-01
9.985774055222839118e-01
-3.271052676596257203e-01
-4.373959165278211159e-01
-3.694633523870335945e-01
2.121057014123169382e-01
-8.920260773028855228e-01
9.999416381512820085e-01
-3.899442442484280513e-01
8.000962773991473487e-01
-3.983421154315973101e-01
-2.670781078673981623e-01
1.000000000000000000e+00
-9.307805388331211738e-01
-4.985554421553746729e-01
-3.244586968982123842e-01
1.000000000000000000e+00
1.000000000000000000e+00
8.616317514233001740e-01
2.221136492163177933e-01
-1.000000000000000000e+00
-9.929599656241770989e-01
-3.944387125883753731e-01
7.767883300634945698e-01
7.549815347879304528e-02
3.580170980879094911e-01
1.919003590840585513e-02
2.260952474858448358e-01
2.660086166542467989e-01
4.220801934505846176e-01
-6.558856542928380717e-01
-1.066184737536604588e-02
-9.129914836569713588e-01
5.427701352399743051e-01
-8.362470234252361578e-01
-4.424483216048704648e-01
-8.608459694307523113e-01
9.870799510688997858e-01
5.903785426396673808e-01
-2.138524041084194915e-01
-2.401881643847190995e-01
-4.244362056745670242e-01
-9.116059584417353368e-02
9.894628976606600901e-01
-7.733704226608900667e-01
-9.999929998861964986e-01
-5.629874312468968744e-01
-9.281888598303696947e-01
7.295992601156967572e-01
8.920661321702993973e-01
-3.013857706346073084e-01
-4.990792793132806660e-01
3.934266599087409277e-01
1.221398319278162170e-01
5.849682336394561588e-01
