9.705506260467993140e-01
9.308642979250828509e-01
3.643586856836981136e-01
-9.804737628094959412e-01
8.303265157071071378e-01
1.278401673202953226e-01
8.515034346394771969e-01
-2.662077889941328879e-01
5.379600441298275637e-01
-1.991725770701422982e-01
-9.487674064988529388e-01
1.000000000000000000e+00
-4.534142928596300859e-01
-7.782132938934771538e-02
8.978177506455524703e-01
4.200863217984989739e-01
-6.445200081236897027e-01
-5.751804390824251101e-01
-7.470373761430900705e-01
8.818791327493634702e-01
6.133484978684247135e-01
2.168680728065177088e-01
-5.890623042719609348e-01
6.134451143278284446e-01
-4.253607795228431243e-02
7.391353256839348074e-01
6.074981743725604844e-02
-8.770316061817382547e-01
2.962039004100625594e-01
-8.353293444908915788e-01
3.110768767064830964e-02
-9.065360436996355853e-01
-9.652968394630352389e-01
-3.446924975967756155e-01
7.916124501598686969e-02
7.986451026152623367e-01
-2.503679491627106568e-01
-9.116253167971827276e-01
-1.000000000000000000e+00
-1.791382920940365053e-01
8.775509167515027631e-02
-7.297939294300832547e-01
-7.442498017989942483e-01
7.719693939413395656e-01
8.305540355558347354e-01
7.586281586713070624e-01
1.028752669346104931e-01
5.278518284709534658e-01
-5.977825627120999380e-02
-1.000000000000000000e+00
-1.000000000000000000e+00
6.719958104132668364e-01
8.100985691148840928e-01
7.686557743401677134e-02
-9.612523359173263948e-01
-2.305245340960060396e-01
4.725437379683952166e-01
-3.361963678573991476e-01
-2.170469583231215693e-01
6.386805635115659907e-01
1.296414857161962142e-01
-5.284186631283607216e-01
-5.991321773707578013e-02
6.530422509237130413e-01
1.828957846675833832e-01
-4.758022501767263934e-01
-7.044462801056763368e-01
7.381592128691589760e-01
9.735113163425599403e-01
2.654344703434388109e-01
-4.308738082833445948e-01
2.834843426618529616e-01
-4.166541945768170163e-01
-7.327162579949172416e-01
4.813847138822506810e-01
-3.685358726252261907e-01
4.834805562347235242e-01
8.675529985246385190e-01
9.124533464261758153e-01
1.034405964066289346e-01
-5.548808576752554123e-01
-2.920753676929409015e-01
-8.747744882887646956e-01
-5.413547736911895614e-01
1.000000000000000000e+00
2.057090352473056605e-02
-1.156756632506848459e-01
3.314252432477371446e-01
2.482302236988034316e-01
5.666479280052181267e-01
-6.879286393584144177e-01
6.534569821132332201e-01
-1.554039057929818279e-01
-9.323340893875573521e-01
1.438891062160825018e-01
7.007910246090529593e-01
-8.871238569920716355e-01
2.707882585091789807e-01
2.242203093437084294e-01
-8.066583880603277468e-01
-1.151722198188975255e-01
-4.282003558303942303e-01
2.195171990447662980e-01
-2.292919139973005060e-01
4.816085051547516760e-01
2.933311494879322634e-01
-2.723110413710914113e-01
7.898911455153750927e-01
4.230424601279979546e-01
-3.408517809593937242e-01
6.152298915254315187e-02
-2.560713297933011612e-01
5.957683397665021197e-01
6.426898895578345705e-01
3.620035973678714658e-02
-8.930224284856200789e-01
-5.664170574109499423e-01
-1.022210327065186941e-01
6.542271335644094243e-01
-9.489365167916010702e-01
-9.124887267982134675e-01
2.262670624184123791e-01
5.658145939296239657e-01
4.409592495164393888e-01
2.346562414225688287e-01
-3.424870974051930084e-01
-4.264182247781596047e-01
-4.124517131749201315e-01
1.739495951661660933e-01
-2.321625479244746604e-01
6.592696417000333264e-01
-8.787179571531916755e-01
-5.645371977504971550e-01
9.177110453594625739e-01
-4.499561543066901148e-01
-1.000000000000000000e+00
6.117839433818752504e-01
-4.478659699701014185e-01
-2.611094887543827237e-01
-2.786238753861357553e-01
-1.021869753491053134e-01
7.542172696531621034e-02
-4.863908475284406951e-01
-2.224364337441146755e-01
-2.555962200005560403e-01
-6.200997409102064761e-01
8.344540542120484350e-01
-9.926568756113597347e-01
9.875203730774249067e-01
-9.260123622502203222e-01
-8.235793510991418209e-01
3.029555705552040568e-01
1.000000000000000000e+00
-7.651253054872215742e-01
5.101665336864196210e-01
-8.898192504133334291e-01
5.444559714928813854e-01
1.418234964142599530e-01
-1.000000000000000000e+00
4.839946781142105969e-01
-7.326103510370886029e-01
-1.208122900626682483e-01
-2.848134153711079364e-01
5.143661358232075598e-01
-4.017747865539191277e-01
-3.035714981095670173e-01
9.593146617310237545e-01
-6.206946643736890312e-01
7.668066763963068411e-01
3.654435892952110354e-01
-6.273440363337412506e-01
-3.763313683031443979e-01
-8.211130398421470078e-01
6.546853540027650076e-02
9.529790784484695187e-01
-2.304025824560315683e-01
3.921163253388236514e-02
7.786294444336997467e-01
6.464970487306204161e-01
-5.717038509454788198e-01
2.025330921412127338e-02
-9.277624034004721132e-01
-3.636817338238931274e-01
-1.000000000000000000e+00
1.266298659644973235e-01
2.513306134559623040e-01
-2.950977100116733975e-01
-7.206772779739281098e-01
-5.531797037246852788e-01
9.730789617729240781e-01
-1.617178199483424450e-01
-3.145939789929408370e-02
-3.258042187242469190e-01
-4.786567987981455996e-01
-2.418102659503178486e-01
-5.721731321957503891e-01
4.794370088635036553e-01
-1.237236194626314401e-01
-7.951207493905123602e-01
8.262610813092632345e-01
-5.629842124467578923e-01
3.166920159673354274e-01
3.399512017017811139e-01
-8.524921250866469569e-01
2.282756206052539705e-01
2.731419212846085687e-01
-2.075375207809905809e-01
-3.068644093441987852e-01
-8.223394157115166969e-01
9.044182093118074972e-01
-1.784146129714343498e-01
-4.143688545666391332e-01
-5.036807985742095539e-01
2.604656462010411233e-01
-6.459159430215448694e-01
4.572564687858698407e-01
3.384144321821013213e-01
-7.891895890571756222e-01
3.533357297898343519e-01
-2.357658920034009231e-01
-7.984621072332523939e-01
3.605615679153911235e-01
4.400705720811423083e-01
1.745268332493389862e-01
-8.954858125105725764e-01
1.298451064492546214e-01
-2.911964734567911717e-01
-7.031644120106113061e-01
3.913657873197196047e-01
4.655942416569669451e-01
-4.758591598653691968e-01
3.673247712775950524e-01
-2.989717300889848106e-01
-1.000000000000000000e+00
-9.346933382908725330e-01
-8.692491120913212743e-01
2.670114159578181878e-01
8.422936762115051934e-01
9.965739971300664468e-01
4.779361870952690827e-01
1.009240286958960203e-01
-6.274431478190167777e-01
-3.207013533124078997e-01
9.496993606272088329e-01
-7.330398355760290308e-01
-1.765366778399819758e-01
-1.553642652070308383e-03
9.078876908833360959e-02
-8.581138888610693183e-01
4.348685215564293549e-01
1.816650622139726057e-01
-8.598786185256612757e-01
1.736544811638364438e-01
5.012845627418269778e-01
6.741801876910968883e-01
4.040328706571036932e-01
-1.482545061330792502e-01
-4.777304444428850938e-03
-2.157360752962652062e-01
2.119821865870192834e-01
-6.839788689666976840e-01
-1.138028331458913467e-01
1.463933959048627775e-01
-3.484707523817395236e-01
-2.651438557853962319e-01
