2.914519298932739533e-01
2.898467490533608859e-01
8.958937277839594815e-01
-1.000000000000000000e+00
1.000000000000000000e+00
-1.000000000000000000e+00
-1.000000000000000000e+00
1.000000000000000000e+00
-1.000000000000000000e+00
9.822938130968907888e-01
-2.071404425232563906e-01
1.000000000000000000e+00
-9.415178836854635192e-01
1.000000000000000000e+00
-4.361314924708780683e-01
1.000000000000000000e+00
-4.562392620343602156e-01
-6.717204957932333409e-01
-9.589058365332817635e-01
-7.622328876531080377e-01
1.000000000000000000e+00
9.409890994128868869e-01
-1.000000000000000000e+00
9.973186000968958798e-01
-3.336798877217440618e-01
4.186336203983450632e-01
1.000000000000000000e+00
-4.175333863388605016e-01
-8.396907911386586321e-01
1.000000000000000000e+00
-9.977551803432260780e-01
9.921652416373168970e-01
9.992111399984008324e-01
1.000000000000000000e+00
-1.000000000000000000e+00
-1.000000000000000000e+00
-2.824483062957174884e-01
6.344639138645364884e-01
8.205309899865735890e-01
6.905329785285065913e-01
-1.000000000000000000e+00
-9.242775506983472722e-01
-1.000000000000000000e+00
-5.147964806116526182e-01
-1.000000000000000000e+00
-7.407290550505917226e-01
1.976997544755305924e-01
-1.000000000000000000e+00
9.840171514953683918e-01
9.935476966929254194e-01
1.000000000000000000e+00
1.000000000000000000e+00
9.980609590785345375e-01
-1.000000000000000000e+00
-9.785809245665247902e-01
1.000000000000000000e+00
9.945651541415019281e-01
-8.779857919722341419e-01
-4.950524440801457038e-01
9.547294349721824336e-01
8.969056338521111948e-01
-7.989529508580700545e-03
-9.955581264882387149e-01
9.768151625060194077e-01
-3.081926824275172394e-01
1.000000000000000000e+00
4.303222256997920603e-01
1.000000000000000000e+00
-9.974946252529117707e-01
5.997975744458877712e-01
-1.000000000000000000e+00
-1.000000000000000000e+00
-1.000000000000000000e+00
1.000000000000000000e+00
-7.981291504437599826e-01
-4.772580741516284641e-01
1.000000000000000000e+00
-1.586615305260625497e-01
1.000000000000000000e+00
5.104917285906952762e-02
-4.410368571752032452e-01
9.844443734646511901e-01
-1.000000000000000000e+00
-9.047858057991378100e-01
-1.000000000000000000e+00
8.681023568755968922e-01
-8.378109959864619150e-01
-1.000000000000000000e+00
-8.881841402603014579e-01
-9.398007280174386358e-01
-2.786106259074132008e-01
-1.000000000000000000e+00
-7.474198622722576513e-01
1.000000000000000000e+00
-1.000000000000000000e+00
1.000000000000000000e+00
-6.644435775134980293e-01
1.000000000000000000e+00
1.000000000000000000e+00
-9.332539960401482482e-01
1.000000000000000000e+00
-7.502024714128404659e-01
1.000000000000000000e+00
-8.009865285841355487e-01
-8.350068173494386015e-01
-7.968852268166766450e-02
-9.991158870665441949e-01
-9.514256782153346359e-01
-7.749514216595788652e-01
-4.739174292990177007e-01
6.454327105526583841e-01
-1.000000000000000000e+00
-1.000000000000000000e+00
-1.293854594047493256e-01
-1.460869779962135906e-01
2.797185092799300832e-01
-5.188124140724147404e-01
-7.212421287657683200e-01
-7.631759554717580940e-01
-7.534173383291565829e-01
9.656642843666628506e-01
1.000000000000000000e+00
-1.000000000000000000e+00
-6.526740581166926569e-01
6.713164307802933495e-01
1.000000000000000000e+00
9.111659694927191078e-01
7.741104317809489599e-01
-2.592508202627168967e-01
7.186106863453406435e-01
1.000000000000000000e+00
1.000000000000000000e+00
6.439575593971547107e-01
3.777825188662820022e-03
-8.420419338651092822e-01
-1.000000000000000000e+00
-6.036928635121608933e-01
4.757171102453838785e-01
-7.855457049591862972e-01
5.785105743414931112e-01
-8.937156804113277619e-01
-9.514200394245934111e-01
1.000000000000000000e+00
8.986616211916211017e-02
-9.831634956972271633e-01
-1.000000000000000000e+00
-1.000000000000000000e+00
1.000000000000000000e+00
-1.000000000000000000e+00
-9.044074131977405395e-01
-9.792433654969850965e-01
1.000000000000000000e+00
-2.437374672191610636e-01
-1.000000000000000000e+00
-1.057647387197101566e-02
2.428204583629627877e-01
-9.326388355030060806e-01
-4.844889092845414691e-01
1.000000000000000000e+00
8.279971584346255131e-01
-1.000000000000000000e+00
9.626617845365251780e-01
3.759344602784300826e-01
-1.000000000000000000e+00
1.000000000000000000e+00
-1.000000000000000000e+00
-1.000000000000000000e+00
9.406557850918227937e-01
-9.420851171290353099e-01
1.000000000000000000e+00
-6.336937105362202560e-01
-4.680774458442661656e-02
1.000000000000000000e+00
1.000000000000000000e+00
-1.000000000000000000e+00
4.337945138782402510e-01
-3.088524394558015973e-01
-9.962059060141524869e-01
1.000000000000000000e+00
-9.601402159743407383e-01
5.014753120563989475e-01
-2.844315263906497804e-01
-1.000000000000000000e+00
9.653339052181156843e-01
4.747803180838369719e-01
3.725607998993187009e-02
-1.000000000000000000e+00
1.000000000000000000e+00
-5.733118290436292064e-01
1.000000000000000000e+00
-1.000000000000000000e+00
1.000000000000000000e+00
7.666274172709417467e-01
9.836894183133402247e-01
3.648804854487019966e-01
-4.648535959877887480e-01
1.000000000000000000e+00
1.000000000000000000e+00
1.000000000000000000e+00
1.000000000000000000e+00
-4.886380415875312133e-01
-7.294853374719052486e-01
6.378103712689798810e-01
-2.485696208293060039e-01
9.236064457532198180e-01
-1.651783906965613447e-01
-9.932093041152212365e-01
-8.756539361630177876e-01
-1.000000000000000000e+00
-3.734498223047360010e-01
-1.000000000000000000e+00
9.076202716583631203e-01
1.691763464070274864e-02
9.602924089261866136e-01
-6.992625701225585466e-01
-1.000000000000000000e+00
-3.763640152705259312e-01
9.834481181092075142e-01
3.409720906351528802e-01
-1.000000000000000000e+00
-1.000000000000000000e+00
-8.995570045104810120e-02
-9.714331717672759492e-01
1.000000000000000000e+00
9.830303634732058260e-01
2.614932004621257078e-01
-9.960677572603764407e-01
-8.674322562995115948e-01
-1.000000000000000000e+00
-9.348131548578102468e-01
-1.000000000000000000e+00
-8.257166108018840767e-01
1.000000000000000000e+00
1.000000000000000000e+00
1.000000000000000000e+00
-1.000000000000000000e+00
-5.905762148634607911e-01
9.948101382590223141e-01
-7.759098659595903280e-01
6.402736430308622051e-01
1.000000000000000000e+00
1.000000000000000000e+00
5.446377667510614584e-01
1.000000000000000000e+00
1.000000000000000000e+00
9.180653055224869963e-01
9.769081183939481994e-01
-1.000000000000000000e+00
-8.302644420321871888e-01
1.000000000000000000e+00
-9.986724049934855296e-01
-1.000000000000000000e+00
7.989603728260565862e-01
-1.000000000000000000e+00
-9.417603216679610867e-01
9.357840244873728563e-01
-8.450424397514169073e-01
1.000000000000000000e+00
1.158807707394103464e-01
-1.000000000000000000e+00
-9.998757740691230911e-01
-1.000000000000000000e+00
-7.138443359281991807e-01
-7.832771506985481968e-01
3.054514791678662466e-01
