1.165273896507541124e-01
3.376958038151374186e-01
-1.000000000000000000e+00
-6.468394655782999658e-01
9.983537228469696601e-01
-4.434559798290250293e-02
3.090132515236778121e-01
-9.647787518799059159e-01
8.134909426375114272e-01
4.191285452751772334e-01
-1.000000000000000000e+00
9.975604867941999521e-01
4.838096569795574120e-01
-2.035928890014824799e-01
1.000000000000000000e+00
-9.883067851995446240e-01
-3.411586617575800839e-01
1.000000000000000000e+00
-8.234991433941750705e-01
1.627314969929386235e-01
9.687056321869463860e-01
-5.935360339917146177e-01
-7.867330670520604752e-01
8.081816583256110631e-01
-5.270218669969325420e-01
-3.683576625613840250e-01
-3.095284532348543394e-01
-8.206367134269763053e-01
4.341750532447335442e-01
5.578346579489932289e-01
1.000000000000000000e+00
1.069790969403925096e-01
6.404056601751602074e-01
-6.099068302253440876e-01
-6.492760669492368963e-01
-9.107070084620523254e-01
-3.323519684370409011e-01
1.072145799701289953e-01
6.161518274234204506e-01
-5.423248246155438768e-01
4.761560441493885021e-01
1.000000000000000000e+00
-6.573207208963341985e-01
-1.000000000000000000e+00
-1.000000000000000000e+00
1.550418784204002087e-01
-7.614138512958198435e-01
6.961829103008165820e-01
2.000571043020263340e-02
-1.000000000000000000e+00
2.020831870857314472e-01
-1.000000000000000000e+00
-6.777194024882565726e-01
-9.555441585812086691e-01
-2.364061864404625735e-01
4.070898513126215423e-01
8.943666377633383568e-01
-3.866996421739705703e-01
7.479101493814334090e-01
-6.888828621028996180e-01
6.371745089969933495e-01
-7.202754918865221789e-01
1.000000000000000000e+00
-1.000000000000000000e+00
-1.000000000000000000e+00
-9.087050110927211710e-01
5.697390682251566307e-01
7.399032261838608404e-01
-9.217368351854130504e-01
4.113584889731605743e-01
1.000000000000000000e+00
-8.430913332611951194e-01
-5.064062396878903360e-01
1.000000000000000000e+00
-1.000000000000000000e+00
-1.000000000000000000e+00
-1.000000000000000000e+00
7.594631632886498229e-01
-1.000000000000000000e+00
-7.984463356876692064e-01
5.187012821608925073e-01
-2.481000254835529217e-01
7.718741247770465330e-01
-1.219415884569847661e-02
1.000000000000000000e+00
5.537388402941321175e-01
8.534524691686264097e-02
9.068422784570194795e-01
9.547695776369401477e-01
1.000000000000000000e+00
1.000000000000000000e+00
7.214166698993338400e-01
3.935927473712810265e-01
-6.840100352059280686e-01
-5.853945627595128487e-01
-3.063520918620110667e-01
-9.686158262151444154e-01
1.722044095999941404e-01
8.839940628720741600e-01
-4.214133488889654777e-01
-7.824709883986576131e-02
6.778734602472085147e-01
-8.148747724564812112e-01
6.700885343008085027e-01
8.883883662350421373e-01
1.000000000000000000e+00
-1.000000000000000000e+00
-9.047971077249183924e-02
7.427822599846278795e-01
7.413215070845682875e-02
3.829706902324429563e-01
2.843053996691742302e-01
1.521045564374653158e-01
-4.597214910687953959e-01
-6.447281502751613935e-01
-1.000000000000000000e+00
1.000000000000000000e+00
-8.106699895756411811e-01
-5.130936932672572892e-01
-2.484065259750284360e-01
2.842028219020884330e-02
-7.589775911103899819e-01
-9.183149016000474729e-01
-8.700363980719443280e-01
-1.243702563825012791e-01
8.253004040251891160e-01
5.649239543265441865e-01
7.809814170020595858e-02
5.935019441725478684e-01
-7.083142546456339117e-02
-1.000000000000000000e+00
-8.288246729833612658e-01
6.416066144211995947e-01
-8.304014274449359467e-01
5.945553545372992410e-01
3.573949313426065255e-01
3.554236471217347981e-01
-7.696799334930558567e-01
-1.000000000000000000e+00
4.923996305361192372e-01
9.315427989638369599e-01
-1.610945491527629447e-01
1.000000000000000000e+00
-2.916141229836900495e-01
6.279127834054601953e-01
1.000000000000000000e+00
1.000000000000000000e+00
6.622195045702324867e-01
5.938760400682592255e-01
-7.092076184448133924e-01
-4.010059508228136504e-01
-3.425139055546960742e-01
1.000000000000000000e+00
-1.000000000000000000e+00
-9.775592735587235182e-01
-5.395716466119040433e-01
3.033273206645771269e-01
-1.000000000000000000e+00
-4.725143539949002158e-01
-9.055975748369163303e-02
-1.000000000000000000e+00
-1.239759438214831783e-01
1.000000000000000000e+00
1.000000000000000000e+00
2.767101138836088881e-01
-2.605516518322409936e-01
3.588032253162730667e-01
-7.108149094115846500e-01
1.000000000000000000e+00
-8.805228731503715878e-01
-9.011484807204609426e-01
5.332272745960466853e-01
-1.000000000000000000e+00
-2.628818805033255601e-01
-1.000000000000000000e+00
1.000000000000000000e+00
-5.072861753340028867e-01
-5.626643054022332224e-01
1.000000000000000000e+00
-1.000000000000000000e+00
1.000000000000000000e+00
1.000000000000000000e+00
1.000000000000000000e+00
-9.277510610371159094e-02
7.878360781989802997e-02
-3.904131042630087922e-01
1.000000000000000000e+00
-1.480883449515097705e-01
1.000000000000000000e+00
-4.712683586099345595e-02
-6.057305282418995462e-01
-4.268754115510378644e-01
-8.855979081427721444e-02
-3.316752459987573065e-01
9.338002058467780309e-01
-9.131977018638660626e-01
-8.019164412661222707e-01
1.000000000000000000e+00
1.000000000000000000e+00
-8.458205223398737038e-01
7.245175538945518579e-01
-1.000000000000000000e+00
-5.335357381984547898e-01
-5.015569640975687804e-01
-7.098015398735630921e-01
-1.000000000000000000e+00
-4.318976768744917094e-01
7.306483345243071081e-01
-7.100084486029943909e-01
1.000000000000000000e+00
-4.103886115998431339e-01
1.000000000000000000e+00
1.000000000000000000e+00
-1.000000000000000000e+00
-7.059839294527410214e-01
-6.163244345017894199e-01
7.078006498490687637e-01
8.876103142906516252e-01
8.682408302664104127e-01
2.652160284850545446e-01
-5.409562344498063391e-01
-7.913639754407663096e-01
-5.776050943369129831e-01
-1.000000000000000000e+00
8.114169937935765686e-01
5.300798045345964660e-01
-3.438905615504579683e-02
-5.906835010709444722e-01
3.595993464190844202e-01
7.807531501482838365e-01
-1.000000000000000000e+00
1.000000000000000000e+00
1.709198326767960574e-01
-1.000000000000000000e+00
1.000000000000000000e+00
6.090476912869015047e-01
-1.000000000000000000e+00
1.000000000000000000e+00
-1.538083617595249752e-01
6.896252120406766162e-01
-4.547866331357436342e-01
2.666720582523998684e-01
6.173169935872480085e-01
9.326498831306937465e-01
1.000000000000000000e+00
7.236321249359248808e-01
2.970298711231550981e-01
6.725046804649843502e-01
1.000000000000000000e+00
-1.000000000000000000e+00
-1.000000000000000000e+00
1.000000000000000000e+00
4.734578680291585684e-01
2.120517003424249422e-04
1.000000000000000000e+00
-2.578528655475695874e-01
4.180047236575558656e-01
7.471299791211312158e-01
1.000000000000000000e+00
3.305803821783895313e-01
-3.568101201191365424e-01
2.134084488140475591e-02
-9.230386693087726524e-01
-7.395849628766569817e-01
5.166420495077663766e-01
