-2.446141786607783364e-01
-6.961788557635417707e-01
8.080671298846421324e-01
-1.453534090756300468e-01
9.472500649522042071e-01
-1.925707257751183565e-01
5.460357658226129285e-01
-8.940416773029835618e-02
-3.923906643573421560e-01
-6.383566374509724861e-01
-3.477193066466516824e-01
-6.196918937522639670e-01
5.866722252420570882e-01
-6.755191894525005569e-01
7.977230565261466122e-01
2.832235587910795771e-01
5.459865181517483679e-01
-1.000000000000000000e+00
-7.772471434947310076e-01
7.752599381899916153e-01
5.573322641153968249e-01
-5.519489556061643043e-01
-7.291000979680488658e-01
-9.888380646177843403e-01
-8.607849654875576739e-02
3.013981670438917737e-01
-3.305768606558818767e-01
-2.664167010212301068e-01
6.044055798885233921e-01
2.706531868092235116e-01
-8.593184696126180411e-01
8.386654575057262972e-01
-8.021192626658011360e-01
6.457827484884886005e-01
-6.191262817623421899e-01
-3.807060520964864470e-01
3.002759376045065487e-01
-3.182841896431083395e-01
1.076459294149066381e-01
4.919991482123621251e-01
6.511038858058014744e-01
2.330665350930941904e-01
5.245547686921723241e-01
-9.100911697738865991e-01
-7.414430613304153761e-01
1.565977162855707594e-01
8.735145127327094139e-01
3.870798813781985981e-01
-6.209111890411049828e-01
7.857706847806922301e-01
-3.153052899288915079e-01
3.276934410455339397e-01
-2.637490722261812137e-01
-5.431139763318858504e-01
1.588283042843706416e-02
6.944779077855537386e-01
-5.778896223149981859e-01
9.031460918850804376e-01
1.960467783917218543e-01
4.801001290506279329e-01
2.600679407904109008e-01
-3.599585980980141708e-01
3.554765144771621088e-01
1.000000000000000000e+00
1.023997889541624767e-01
-3.087601601644086036e-01
5.350526583487158483e-02
4.672248728993846356e-01
3.847264468008590454e-01
3.303552539508078922e-01
-6.310453911581974662e-01
1.000000000000000000e+00
-2.507126692090857339e-02
2.674850167382476496e-01
-4.051452996291736164e-01
-6.716029753450794004e-01
-1.000000000000000000e+00
4.622499529780318972e-01
-4.187261580561392194e-01
9.196665273632614879e-01
-1.000000000000000000e+00
-4.749697335023883027e-01
8.237322268948459314e-01
6.780735100656538616e-01
-8.757648226903360644e-01
8.738627098927700398e-01
8.573439708756140920e-01
5.606568556014157600e-01
2.758085022814346088e-01
-5.145345928567781613e-01
7.057098045165892675e-01
4.072503103261770341e-01
3.609733441131007248e-01
5.484744362419822217e-01
-4.610873260750833480e-01
-6.329441477002881733e-01
-4.932665367445913662e-01
6.667755805855073437e-01
9.619491363385895832e-02
7.283942861098436916e-01
5.291731933420122935e-01
-9.948869139957960961e-02
-5.225213209663472913e-01
-4.759605773716236166e-01
-8.204394323150937529e-01
5.108789545285681299e-01
2.043786708612178593e-01
1.553576567661328345e-01
-3.294151358861975298e-01
8.641261690428331255e-01
-8.203238607284500938e-01
6.519178995026415901e-02
-4.163258912702830772e-01
8.006497072376261848e-01
-8.412543724931478284e-01
9.153110918472255886e-01
-7.487490195795042380e-01
-2.215664138178714548e-01
-6.811146114475530311e-01
2.289177089487504091e-01
7.505795065720319847e-01
-3.285167613267460096e-01
-1.000000000000000000e+00
5.508230801670863652e-01
-4.897731716558940684e-01
8.444040525204361547e-01
-1.960376385325749427e-01
-6.564235159764786331e-01
6.032134919129643613e-01
-2.288864359727527109e-01
-6.644661759036499249e-02
2.134111252167515405e-01
7.560339549140566717e-01
9.035700950359399908e-01
-2.445029748411752246e-01
-5.562349581883299088e-01
8.166236604371385210e-01
9.393056655540988897e-01
-6.266269480529520486e-01
-5.733417574310512022e-01
1.000000000000000000e+00
9.193066304471187999e-01
-4.793430295542233655e-01
4.282978536882833809e-01
-1.000000000000000000e+00
8.175319647805396883e-01
-2.684990734058982365e-01
-8.407430146753980260e-01
1.000000000000000000e+00
8.190314382795299553e-01
9.240156164786980098e-01
7.777041254596497311e-01
3.238863996325179184e-01
-2.824878069172569450e-01
-9.319277572530844100e-01
9.872085567532457029e-01
-1.305369110514704722e-01
-2.287338717217401451e-01
7.320036118718786788e-01
8.410325941436942454e-01
-2.906279250629565380e-01
-7.319351639066831727e-02
5.083397621063605598e-01
2.998755195330271572e-01
-6.163250886797654315e-01
-1.789440292411959843e-01
8.373712116958318408e-01
-1.245149766417610465e-01
1.843951535252223994e-01
3.332733352964354356e-01
-2.349243579628172707e-01
-6.841754727842754846e-01
-7.186946208793172364e-01
9.573094569399082099e-01
-9.241463540936180054e-01
3.817492183533149896e-01
-3.856356127660566235e-01
6.261607144572254313e-01
-7.181628709030010160e-01
-6.049489309745403887e-01
4.000843297689624656e-01
-1.696100726833833783e-01
6.347788100886306295e-04
7.964582643539790396e-01
-5.813249076570586871e-01
2.602239210551771098e-01
1.387427671961254938e-01
-9.180894205129169761e-01
-1.713246310600994859e-01
-9.357495441105185829e-01
-8.632867679996805155e-01
1.000000000000000000e+00
-7.557660135049036887e-01
1.000000000000000000e+00
-6.991537367715219276e-01
-3.244894571299681285e-01
-4.518606034513585890e-01
9.448176208189409397e-01
2.936221356928714887e-01
-6.734834935424812707e-01
5.798737342704003428e-01
3.782525667727729135e-01
2.655325173800997529e-01
-3.579298990328562136e-01
-4.400426379389148490e-01
-8.808341170939207876e-01
-5.656101757668705599e-01
8.384966119189249945e-01
-6.664563381237897932e-01
5.793697315386672209e-01
-1.591830464241912046e-01
-5.671922527976352990e-01
-9.998499197833161656e-01
-2.136222350897600819e-01
1.045905470720893821e-01
-5.525475877523253754e-01
1.736419396446093333e-01
7.389212025096408842e-01
8.295585944444687776e-01
2.978051889022103049e-01
-5.344505935145209552e-01
2.046115498378007214e-01
4.734067063165873362e-02
1.000000000000000000e+00
-6.023079951776643126e-01
1.000000000000000000e+00
-2.413481118825952509e-01
2.460978747782820442e-01
-5.444844075403459938e-01
-7.764653952891442668e-01
4.925097272038206908e-01
4.691755577903149454e-01
8.124324465305466925e-01
5.726434505830373389e-01
4.626939281714514962e-01
-6.967141927159654635e-01
8.152678133840052244e-01
-3.594594873463929918e-01
-7.302482077483475331e-01
-8.230686333583044911e-01
2.027703914516939820e-01
7.404438137648813312e-01
3.990436003200963089e-02
-2.529875489419441958e-01
1.809883429563888535e-01
-3.532795863103186940e-01
-7.318044617140279096e-01
4.400885983004508284e-01
-3.837809475114696278e-01
8.293314856691456072e-01
-9.590634978900399732e-01
5.608633076785795035e-01
-4.645329441892898092e-01
-1.452790071743681466e-01
2.619265706379272363e-01
-5.464465109690922473e-01
-4.692131897830222886e-01
8.262354695775129265e-01
-9.675291357583093443e-02
3.533938337624153991e-01
2.251744861518048535e-01
-5.962280700907023334e-01
-7.727873189839310486e-01
-4.335250425460596135e-01
1.000000000000000000e+00
