2.582082187106125581e-01
2.947728504569556707e-01
9.534332069338292692e-01
3.573893579380363894e-01
8.114924381047016189e-01
1.057891981560557665e-01
1.427389789007302845e-01
-6.514820720616284477e-01
7.397942576740882403e-01
-9.378144722197893079e-01
6.507628809553398508e-01
4.751588944864990061e-02
6.688934243359331289e-01
2.249477058513962568e-01
-2.882733927483205894e-01
-1.000000000000000000e+00
-3.066858405693750900e-02
5.818478544705759647e-01
3.669662686251507488e-01
8.513270493708456899e-01
-3.873907804235457442e-02
8.412896939115838135e-02
-1.306299242751899348e-01
4.720254638390923296e-01
-3.038850754987141300e-01
1.397947672909344852e-01
5.033464199645537596e-02
8.121322595665684263e-01
8.349034884682330349e-01
3.137640320097367375e-01
1.301518856098003163e-01
5.666760872240150793e-01
-6.546811207588335568e-01
3.745851272374904894e-01
9.663030429102102969e-01
-5.028534928314910557e-01
7.222941245802436683e-01
-3.146734032450799745e-01
-4.539499603404120176e-01
-5.276101926781917584e-01
7.973438970081080379e-01
8.549601315147069280e-02
4.139581448085474236e-01
5.830090560725256221e-01
3.086076377079973176e-01
5.569648217899348941e-01
-6.237085691464441251e-01
7.617914991797490598e-02
1.505854356892609991e-01
6.037360806989482409e-01
-7.243826684909098201e-01
-2.577560009340218450e-02
4.474415354837144032e-01
-2.745703386186268413e-02
4.755209112766972668e-01
-8.271915722000477977e-01
-4.417893154661775013e-01
3.692611894045254584e-01
4.585767514805325629e-01
-5.768266384474549646e-01
-8.739123159562487420e-01
-9.661982693725321703e-01
4.792027379191451386e-01
-5.082434624965638248e-01
1.525521876341089378e-01
6.575076765799302558e-01
3.920938283039961392e-01
-2.657307824051321488e-01
7.170938570949588753e-01
8.894824474761717781e-01
-7.279456624748362747e-01
6.274951509562834984e-01
5.775645418730734892e-01
4.112716344615543473e-01
-4.131963272061871528e-01
1.000000000000000000e+00
-7.218105921663727775e-01
-5.911722721510888068e-01
3.586982515843165631e-01
3.072107879020083976e-01
-8.417576939053734719e-01
-5.790805084113156420e-01
6.013601427730863591e-01
1.142538284258084597e-01
7.698557331263750081e-01
-3.803903234780808135e-02
5.764984380868521940e-01
5.903767925764667746e-02
1.000000000000000000e+00
-2.555944301610834080e-01
-8.039993425784323078e-01
-2.734839287665785657e-01
2.452557261483064854e-01
-5.927620710057672770e-01
-1.000000000000000000e+00
6.525911960912792464e-01
3.338022075832470792e-01
5.466197549269582456e-01
6.360543140562222586e-01
3.298557497520686610e-01
-6.190348854133747025e-01
-5.483707966649836729e-01
4.058320039733191997e-01
3.530915550676828607e-01
4.538821947836766402e-01
4.283302431119756504e-01
7.104652102324912621e-02
3.489587275130106026e-01
-5.924826578253316045e-01
-8.167718951312872289e-01
1.915252675177725461e-01
8.922414403381209169e-01
-8.918289786573672107e-01
1.089907066587660900e-01
-7.142618553169817197e-01
-1.000000000000000000e+00
-7.875865390430213386e-01
2.380076610056066633e-01
-4.943400876347772699e-01
1.170879750209571357e-01
-6.508661211460531337e-01
-7.254247520511025726e-01
9.335799614758899523e-01
1.000000000000000000e+00
1.751173975619685630e-01
2.886437834874293062e-01
-1.475658392161744437e-01
3.313350811650430106e-01
6.233122088357362367e-01
-6.338831364234531751e-01
-1.884092963993212466e-01
1.463626976944192304e-01
-2.136204909221154635e-01
-3.898998706739335574e-01
7.680860757012983875e-01
8.876628964923876097e-01
-4.891899034757328790e-01
-9.036902665055112083e-01
9.941204060480233196e-01
6.401024734445931452e-02
-6.375719903725936277e-02
3.353199676542251151e-01
4.623209520083216839e-01
2.272455675728128899e-01
3.293245575382677814e-01
6.430171645493956145e-01
3.938593326964817676e-01
1.419652378447083807e-02
4.964219092960872048e-01
2.292279266347010402e-01
9.017484007014656688e-01
2.506761395255735492e-01
7.907402126476972271e-01
4.285609928814965719e-01
-2.745519112847357723e-01
-8.978396065336901044e-01
1.117515492664567928e-01
-4.399057465994766769e-01
4.962942358904384732e-02
4.730558108896236180e-01
-8.350493937364559249e-01
-5.874443673917955494e-02
1.584077649358690554e-01
5.991522139440316197e-01
-5.112013396989674163e-01
-1.000000000000000000e+00
-2.794080757130108505e-01
-1.000000000000000000e+00
8.972611132602237305e-02
9.375161013558177547e-01
1.554601388206139356e-01
4.090360249183017105e-01
-7.940966096245541395e-02
8.421171778547240638e-01
-7.154398074001107333e-02
-5.436816598772846731e-01
-5.833775355614633229e-01
-8.577910322749385807e-01
-9.449209006205800954e-01
-1.729644475078671029e-01
-5.648597060678065551e-01
1.898624337201477302e-02
5.126335804969579524e-01
-1.269048107301232187e-01
-7.359023480252226967e-01
5.862694160783890052e-01
-3.323397397877345116e-01
5.741500775590030470e-01
2.834431003793924653e-01
-9.976312849660866622e-01
6.883314030689473562e-01
-7.423739687249030217e-01
-4.262624637207670375e-01
5.128694055196350021e-01
7.186193078336596818e-01
-2.083823364620095708e-01
1.623000593991905660e-01
6.892614828459966980e-02
1.592776625746716301e-01
3.524485436179483067e-01
-2.795538235998364929e-01
-9.043567700561768730e-01
-7.020059595824308663e-02
-3.000047351577650456e-01
7.175500132987323587e-01
7.724528604891374162e-01
5.761562575112059159e-01
-4.581514739457988039e-01
1.000000000000000000e+00
5.094415763195315749e-01
-7.154340411458970372e-02
-5.541741778615176806e-01
-9.767864558299454991e-02
-2.609968391016965344e-02
-5.209761639661801835e-01
7.786642098150627911e-01
2.998059411566819099e-01
-3.935475325027045779e-01
-1.000000000000000000e+00
-5.044667996792575604e-01
-6.562764660497910629e-01
-1.886432865127290748e-01
7.701518711156979391e-01
-7.601512212494593301e-02
-6.203052734324491224e-01
-3.830024627771289047e-01
-7.282524012704274519e-01
-2.840040763437396976e-01
9.085676308489525344e-01
7.892908727852009365e-01
-7.794930701551200380e-01
1.037524461731251235e-02
3.709598424992913146e-01
-3.406345638422494382e-01
-5.262812164731814901e-01
4.620321927336965007e-01
-2.415149681299724738e-02
1.330827620569412784e-01
2.179663964696239575e-01
6.637175791538385550e-01
-3.966222381182868406e-01
-3.466308560474221090e-01
6.089782708977182768e-01
1.226416662601555185e-02
4.920548986722586560e-01
-1.000000000000000000e+00
-9.793094960400542393e-01
1.925143036105940730e-01
7.406937351575711981e-01
-4.227683017880590199e-01
9.793286882332913335e-01
3.328963090202863295e-02
-7.782741918813169679e-01
9.355818762392158483e-01
-1.000000000000000000e+00
6.545752011016314764e-01
1.000000000000000000e+00
-2.194037985206789276e-01
6.664431714257479378e-01
2.941017035694981629e-02
-6.259514885985343335e-01
-6.932872018759566046e-01
4.723474671301430838e-01
1.038042193963033266e-02
-6.343431721032937176e-01
