-2.561954827320596095e-01
-2.160582527533397301e-02
1.000000000000000000e+00
9.934969043205960082e-01
2.368870674344218941e-01
-1.000000000000000000e+00
-9.148339375332916745e-01
-1.000000000000000000e+00
-6.575417434070321976e-01
-5.147284090717552107e-01
-7.052760977582146484e-01
8.654541897655221305e-02
4.023595651612576485e-01
-4.845412206652951470e-01
8.872165630736075226e-01
-5.432270766385582927e-01
-4.697198655025864866e-01
2.865698061628643711e-01
8.998043001673126096e-01
2.951613380091547278e-01
5.856002324007062443e-01
-8.460204540674824969e-01
-4.062950414214958061e-01
-2.298334000177237879e-01
-6.932288260457368789e-01
8.188131202335332537e-01
-8.523460433434397465e-02
9.892955231731044297e-01
-7.006199807547912606e-01
-6.264274376758881546e-01
9.427504049254349372e-01
1.814001547358856381e-01
-2.016744761862934721e-01
3.471487388131149210e-01
6.688450239664560648e-01
-2.458067548078676778e-01
-6.452967479119240402e-01
5.050177084532071481e-01
9.212258485367635918e-01
3.829036952122374382e-01
1.000000000000000000e+00
2.468550204852539842e-01
-4.561560782675866399e-02
2.348348011876798258e-02
8.083008516053499792e-02
2.624622865601586863e-01
-5.204008462487490494e-01
7.782240044988575356e-01
8.722295181690418175e-01
-6.231939092336622465e-01
-9.522853819501267969e-01
7.827527922381037895e-01
6.573308462495202065e-01
3.578158818588077494e-01
-9.318501771582464732e-01
6.820563932661278805e-01
8.126278655037665333e-01
2.980693588104510461e-02
2.628555321529296163e-01
6.146076438026152333e-01
5.816355801015049565e-02
-7.201815790581724830e-01
3.340084646133866242e-01
-9.404674436436579743e-01
3.729852685813217494e-01
-3.776054794557655025e-01
-7.637228006323795171e-01
-2.577869554166087873e-01
-3.891986347916476241e-01
6.551139487562167574e-01
-2.257880555038993542e-02
8.557406361193526934e-01
-7.888920425571706030e-01
-3.656852942546707785e-01
5.156685652337279491e-01
-8.615565892496899192e-01
-4.190840104092088403e-01
6.415821047406324862e-01
-4.536462338653781678e-01
-6.366391244205460431e-01
-6.244942680942719981e-01
-3.620926180939609829e-02
-3.493321490148747488e-01
-6.840923953382869183e-01
8.454041427037870537e-01
-1.183443294309376448e-01
-5.890368036766416848e-01
-8.051666445957386120e-01
-7.944589854445263666e-02
-8.479957166971776594e-01
3.186353372886299717e-01
7.004426234303605669e-01
2.401199472154524894e-02
-6.614909541786510028e-01
1.904979589931130590e-01
6.552629251827710721e-01
1.403445456116493850e-01
2.066314120263272325e-01
-6.579235425588210173e-01
3.308172427258487258e-01
-2.468114413099269933e-01
5.680073783901090634e-01
-6.651266336023462511e-01
-7.187584316527522166e-01
-2.266836818202974113e-01
-2.152295074001714936e-01
-2.611726349286493110e-02
-8.893155211422734130e-01
7.493319430151237359e-01
-6.173349340423986975e-01
3.445981227766701793e-01
-7.904609483041663553e-01
6.785699453273451309e-02
4.236669199677972619e-01
-6.890099299063130456e-01
2.513571955342236985e-01
-9.210371903145085914e-01
-9.220473729597963297e-01
-9.798109590128122326e-01
4.876707981136681469e-01
-9.863449081032302779e-01
1.000000000000000000e+00
6.205569098027081676e-01
7.593631919304530964e-01
-4.603172956531128568e-01
-5.757860516260377981e-01
-5.671981762426870910e-01
9.236502799427442900e-01
2.301341134890825535e-01
6.527918570976269930e-01
6.307472555750659460e-01
7.627972732178339710e-01
-8.251991775228504356e-01
1.320000437787071657e-01
9.672147461869918805e-01
9.652733158762732968e-01
3.716710562941261120e-01
-5.939664988952746139e-02
-1.000000000000000000e+00
6.587982503649093546e-01
1.270899943895887896e-01
-2.902885667302483319e-01
-8.245915300379647039e-01
7.057575489652104794e-01
-3.263122661246266043e-01
-1.000000000000000000e+00
8.946518721018682785e-02
-1.839826671806611691e-02
3.167359555402827764e-01
1.897385949362965230e-01
1.768808881584150172e-01
-4.774077394098210636e-01
8.465863036051824997e-01
-5.621926784260216081e-01
2.910928712332664925e-01
9.983300756195785386e-01
9.499850407282551812e-01
7.172095162087546161e-01
6.164162821726846264e-01
-4.589553108236731904e-01
9.780547880152254403e-02
7.878687424850309151e-01
-8.407597231020158546e-01
-5.688727238140184328e-01
-7.675818081024303741e-01
-1.289284810092248823e-01
-4.505882976799469031e-02
-1.000000000000000000e+00
8.752376750317719667e-01
6.932208382115097045e-01
6.450345123521212809e-01
-1.000000000000000000e+00
6.116760297374695954e-01
-8.233894919968728354e-01
-8.073125538699552628e-01
-7.698973802729131011e-01
-8.337116023984325608e-01
7.424111829531303552e-01
-1.923123617203736369e-01
-1.402446523893378372e-01
3.664892347960049257e-01
-8.408834290217669372e-01
4.714608135135268108e-01
-4.464745789470113690e-01
1.000000000000000000e+00
9.953764521517417529e-01
-9.770593505139063550e-01
-9.729449419895767059e-01
-5.852929901155581316e-01
-2.693543997292784375e-01
2.548704022743832343e-01
7.277318355698374486e-01
5.017583872396101929e-01
-5.309227571728968309e-01
3.820779776049846310e-01
-9.922518053567638274e-01
5.794519041621040145e-01
1.598713067188979597e-01
6.745396893132711291e-01
-3.317662569626980695e-01
-1.000000000000000000e+00
6.953610162826007191e-02
2.369481551370857808e-01
-6.757679106129499402e-01
-7.701542647762704696e-01
6.343289698320022652e-01
-1.270512224643802757e-01
7.925843244605245141e-01
1.759918426392268476e-01
6.686492613865976375e-01
-3.309721363966279806e-01
-2.411533108176711071e-03
8.453461133710066244e-01
8.494399073229951247e-01
-7.821749798114474572e-02
-3.398584072728503269e-01
-7.186834224601881260e-01
7.942283833769026025e-01
-4.500574721796311572e-01
-7.653788745129369575e-01
-6.016577377395909698e-01
3.569795599546903286e-01
7.594602626899978892e-01
7.818924580607702346e-01
1.000000000000000000e+00
-2.231212151665955545e-01
5.227245807408995582e-01
-1.755537515416581984e-01
9.654528837617971648e-01
-8.526078129722763216e-03
7.153458016234145456e-01
-2.351297332406534490e-01
2.375875698490305110e-01
1.675452763939587753e-01
-8.489634689825114044e-01
1.168478770940497569e-01
-8.773089580235233775e-01
7.523751279485888510e-01
-7.661289323227769010e-01
-3.378471363071781641e-01
1.785347645297929720e-01
-9.708148178223587887e-01
2.128109870659745939e-02
-2.250629699055616828e-01
-2.879568281211437597e-01
-6.235800922044867217e-02
4.198873008607917900e-01
3.926209709407249560e-01
-4.208452986794065653e-01
-4.667854086501136979e-01
-7.595661351150276297e-02
-8.452919028650296429e-01
-8.882739333870828258e-01
-1.946519792020647288e-01
1.990753515393220430e-01
1.590503896221307500e-01
-4.885313683703977894e-01
-9.587706679941097043e-01
1.932404839065893221e-02
9.486302280008795940e-02
-6.270659322374431133e-01
4.924824323469652043e-01
7.408888740330628053e-01
7.012583335921676042e-01
2.672257934373512001e-01
