-9.406367948310521143e-01
4.608544888665420669e-01
1.207170412249286978e-01
-8.810988479621227887e-01
3.914027934452392055e-01
-1.000000000000000000e+00
1.211321729211259010e-02
6.342538409854631132e-01
8.593116562276872372e-01
1.000000000000000000e+00
1.000000000000000000e+00
4.973770237854193699e-01
-1.000000000000000000e+00
6.382959381296198220e-01
-8.246891259135264995e-01
7.450842827046462169e-01
4.727549024030220370e-01
7.668086018573364582e-01
8.403692991872139251e-01
-9.996045248914293690e-01
-1.797679754674393615e-01
9.759773490243286442e-01
-5.044513643906987227e-02
-8.950494732512577212e-01
9.448343766967101098e-01
1.000000000000000000e+00
1.000000000000000000e+00
6.194102731601158762e-01
-5.258092345670338785e-01
-5.612145755476117825e-01
-6.944043794747943588e-02
-1.398969078627734508e-01
-1.433954245441247666e-01
5.736741048128926046e-01
5.621134639486393691e-01
1.000000000000000000e+00
1.000000000000000000e+00
4.080391937745415087e-01
-2.505081717614207060e-01
1.000000000000000000e+00
-9.031616552921617469e-02
1.000000000000000000e+00
-8.880357288241673419e-02
-3.019990383154900759e-01
8.727004779190583594e-01
4.789272255527103339e-01
-5.897222039506103686e-01
5.792023521508278261e-01
-4.031070076670745239e-01
2.139504422356705293e-01
3.121372018687525451e-01
8.215310971400544560e-01
9.345299023327366950e-01
-2.952948194541633598e-01
4.856808467605520097e-01
9.170180090444500776e-01
2.753606954469521306e-01
6.399372945045269656e-01
-7.750065821582214909e-01
1.450559892501743497e-01
1.000000000000000000e+00
-1.000000000000000000e+00
9.516218934619630199e-01
-1.000000000000000000e+00
-7.794924241853987690e-01
-2.136115044140481367e-01
-6.983362448547966173e-01
1.000000000000000000e+00
3.096219108235273021e-01
-8.211147473196214186e-01
1.970344060834323674e-01
5.860998036359416075e-01
5.867121263242217610e-01
6.481150771761264862e-01
-7.448340143057636809e-01
9.782052413047129802e-01
8.419121970560163870e-01
-8.483836276420561040e-01
-7.079324327857732246e-01
6.022462115502366098e-01
-9.370151063150071735e-01
3.132275967348089329e-01
9.269356548622145198e-01
-9.648615846773220817e-01
5.485275492669557940e-01
-5.923356741318477336e-01
6.464737083842260201e-01
8.954252191762881452e-01
-5.587708670990414461e-01
-1.000000000000000000e+00
5.252086619860206473e-02
-1.857197261798758381e-01
-8.444263261126420117e-01
-8.596419648016736526e-01
9.828980577137946817e-01
-5.493559362495746834e-01
9.201915522444854556e-01
-5.483474090001979606e-01
-3.427724386832519191e-03
7.901277062876523871e-01
-1.000000000000000000e+00
-2.814490510792661548e-01
-1.089892746662004114e-01
-4.546821790289156673e-01
1.293050645225944928e-01
4.095990595832451620e-01
5.719979482843305929e-01
9.707367748714978983e-01
4.283037188472662016e-01
-1.000000000000000000e+00
-3.769091703619824041e-01
7.062329955421950411e-02
1.000000000000000000e+00
1.832094801064994630e-02
5.870354158467570027e-01
-2.403150060822559497e-01
-7.369039967306194594e-01
-6.561794720810637527e-01
4.893157098678692085e-01
-1.000000000000000000e+00
1.000000000000000000e+00
-3.860984766383637190e-01
-7.075930481478391876e-01
-4.956520040727128151e-01
7.527244121763179696e-02
3.492649034760518245e-01
-8.686729212029464797e-01
-3.859141534122100259e-01
-9.919376069256898854e-01
-2.935254846702022302e-01
5.554611455811366838e-01
2.221111717422539489e-01
-9.197241960534155991e-01
1.000000000000000000e+00
-2.662212546945892377e-01
8.660059697940348800e-01
6.026533922959340650e-01
-4.989015978643083216e-01
-3.617087171782079058e-01
7.220865118680386274e-01
5.732206442315078421e-02
-6.293069307775130961e-01
1.000000000000000000e+00
-3.404092072089954235e-01
1.168541019321986951e-01
-5.790004761987013193e-01
-3.996204241545473490e-01
3.037055384504860900e-01
-6.858226833327329963e-01
1.000000000000000000e+00
-1.083430278412007702e-01
2.721937730627041474e-01
-9.991900641877941025e-01
-7.333078359011020453e-01
-1.000000000000000000e+00
6.534714010104814008e-01
1.000000000000000000e+00
7.237931028715569592e-01
-1.426523302343367383e-01
7.799584484865234035e-01
5.310274307379837522e-01
-2.865872142102210418e-01
-4.269362017243342189e-01
-4.653844304255341791e-01
-6.007210396985954853e-02
4.068495206664887176e-01
-1.633355629214498506e-01
-7.470790904557852441e-01
-7.551349284094152070e-01
6.593858488373848248e-01
4.533906185990428384e-01
1.000000000000000000e+00
-1.135438714582666236e-01
1.000000000000000000e+00
-3.118051562831293255e-01
8.619340505099263305e-01
3.908376942594949943e-01
-5.952833425309992377e-01
-1.000000000000000000e+00
-2.074062812330197333e-02
-1.000000000000000000e+00
1.323468053087096807e-01
7.165215177283321690e-01
-4.240459811024027692e-01
1.000000000000000000e+00
2.835897071141840198e-01
6.727236449567759458e-01
-1.827428212148081155e-01
-4.668556016404882270e-01
5.875168307693996450e-01
1.953389520838826332e-01
8.814151731227555242e-01
-9.520105836465415639e-01
1.602333173003838429e-01
-3.016297657376940111e-01
1.137415446205795322e-01
-9.437591818355503537e-02
2.446420620381774824e-01
5.355196100567575224e-01
5.945979595816591745e-01
-1.000000000000000000e+00
-2.616771215219156344e-01
4.244636663803946219e-01
7.629817814789829900e-01
2.797002871241687227e-01
-5.613056069214203969e-01
2.330379859730697389e-01
7.730859017354038132e-01
-1.000000000000000000e+00
1.000000000000000000e+00
-1.000000000000000000e+00
-5.534083172930228667e-01
6.358365289790925967e-01
-2.096737074845052007e-01
-1.604780458419437505e-01
-3.160087795212466744e-01
-3.341919758618303593e-01
8.984049485787066747e-01
-2.857572690387069625e-01
-9.175984200215503428e-02
-1.599368163420549216e-01
-1.000000000000000000e+00
6.684227218321541208e-01
1.000000000000000000e+00
-2.997487445020792160e-02
-4.570291826937855628e-01
3.049434103688224498e-02
4.379205581469657882e-01
-7.819051437877614363e-01
5.793521438044444416e-01
4.357983411478520419e-01
-2.189144697162604125e-01
1.081254887380325574e-01
-9.292909794344231256e-02
9.392643928192496716e-01
-7.829306269649773942e-01
-1.000000000000000000e+00
1.000000000000000000e+00
-2.425695504114778744e-01
1.000000000000000000e+00
1.000000000000000000e+00
5.643582040377249642e-01
2.603367362542832741e-01
1.458672485042162847e-01
4.636542028982922892e-01
1.089824528963892619e-01
1.000000000000000000e+00
9.788853011309214258e-01
6.246185952115028694e-01
-7.309269160076846683e-01
-4.958237792878074368e-02
7.990921792079014319e-01
8.807757542522122174e-01
9.659423315037757307e-01
-9.227584633800661740e-01
4.803930636620054040e-01
3.085965316047334372e-01
-5.583162044822978509e-02
1.000000000000000000e+00
4.106488644928319998e-01
-1.470709339272176785e-01
-2.383300819550011607e-01
6.123132807504059194e-01
-5.669945692212261662e-02
-5.878690469533200125e-02
