-8.467506868735656944e-01
-2.329692990057545821e-01
4.802244500057155641e-01
-5.944525608404365169e-01
-9.199834574306482715e-02
-7.234169906515095505e-01
6.846216959771500576e-02
3.683954907235751364e-01
-2.196987890121659959e-01
-5.949486665384906559e-01
-5.245082987004812125e-02
9.002165546741534019e-01
-8.963722474286048847e-01
-2.695770984149310490e-01
-8.759690492888834168e-01
7.094396215276308482e-01
9.148458732285624784e-02
-5.573884405709894629e-01
-4.059506473429534967e-01
6.523126780286101489e-01
5.873861715896833147e-01
-9.101923923142072326e-01
-7.019213567625068873e-01
-7.290162294887907457e-01
5.871983252459156422e-01
-5.716008796780838175e-01
8.275733509716531877e-02
6.719455396090747712e-01
-2.586259320038075682e-01
-8.048350871899443426e-01
-2.572766561307671118e-02
-6.428570011549328278e-01
-5.899745674376744020e-01
8.603252800735083916e-01
8.977984056039023386e-02
3.534538671690932166e-01
5.694370957057108829e-01
-8.151910176268135633e-01
-7.635045712792004613e-01
-4.400525227525271532e-01
-8.135101803156448153e-01
9.494924478390096567e-01
3.280665030109275460e-01
-5.023787993073582925e-01
-2.212822011357522545e-01
7.409294984377705617e-01
-6.227815079479714910e-02
6.856116546634161146e-02
4.081600335959629788e-01
1.883432931681208178e-01
4.921519891767476285e-01
-4.785823504734112444e-01
1.027483850736525817e-01
-1.200961873326968909e-01
1.942920576469224780e-01
-3.548255942591294065e-01
4.741219002863052978e-01
-4.095760602543971896e-01
-4.154523965096145743e-01
9.848386809704945399e-02
4.438968969069652104e-01
-3.403076744898687611e-01
5.057291062351116917e-01
-6.619997622445095153e-01
4.868823846334875416e-01
-8.263849045040392305e-01
9.312103550347927694e-02
-2.349094511449905109e-01
5.646325610861107069e-01
-1.289249359660857852e-01
5.482250133981387830e-01
3.542629410696620518e-01
6.892877346722643406e-01
4.903446508441646756e-01
9.369805506686512686e-01
-3.930366703639648351e-01
9.698391405218580452e-01
-6.431825079934549994e-01
-9.020808039836964998e-01
-6.714100182982379872e-01
-2.224268014794986703e-01
-2.982380644712929740e-01
3.473993326088641309e-01
-3.829780643015251451e-01
3.616393189665256802e-01
7.205829458741238591e-01
-3.212182885070341554e-01
-8.736432369033207967e-01
1.023123571979971391e-01
5.554072191917138746e-01
-1.000000000000000000e+00
2.345401595694573960e-01
-5.695968112879289391e-01
3.468153799351361144e-01
-6.818305783015491395e-01
4.019987704232741432e-01
5.160321669117797772e-01
-9.383101192993661410e-01
-1.251297102671034001e-01
-1.000000000000000000e+00
-1.847884584588175838e-01
-8.901684143389103632e-01
-7.760859036585656678e-01
7.284560269723261428e-01
8.486120343763217111e-01
-4.862132320242038563e-01
5.754661209556312107e-01
2.944181654713814988e-01
1.275361347639955845e-01
-9.109512068488373471e-01
1.000000000000000000e+00
5.706023592773367126e-01
-6.239099451337658531e-01
-9.047295134946529149e-01
3.814840180422012228e-01
-1.052421197529753438e-01
4.551711253318009298e-01
3.048963649602721149e-01
4.306312877949787232e-01
9.447295828597702672e-01
-2.860405798971737967e-01
-7.228325205758175942e-01
-5.498802986111057667e-01
1.322192821740440505e-01
-2.439217739090425718e-01
-1.655965390757335731e-01
9.053703895999078988e-01
9.281252586557755535e-01
4.107611839213170524e-01
-5.096982938706468014e-01
-8.582928909831315512e-01
-4.779681669197850813e-02
-8.275600089264298909e-01
1.000000000000000000e+00
-8.684616415805135325e-01
5.799419713072961891e-01
9.797222117956158050e-01
1.437548439935233124e-01
-9.781143043828280925e-01
9.227446005628390235e-01
-2.610301708562876577e-01
-9.112212451977445837e-02
2.017604340334597512e-01
-8.706107368755647280e-02
1.352260829911823004e-01
5.162929571616329261e-01
7.346509809416194026e-01
9.185593395260540639e-01
-6.734421164817996353e-01
-4.644567247609996397e-01
7.971193992959306751e-01
2.207072795260713038e-01
-7.727749045122662697e-01
6.110649875988416468e-01
4.607168816097328978e-01
9.064207095303181694e-01
6.220320534517697064e-01
-7.260892829420702022e-01
-5.937558757396965703e-01
3.904139018047706466e-01
-2.497941267402393750e-01
-8.173659002530149209e-01
-1.455756050467602591e-01
-6.299990687181841187e-01
8.944680877177036971e-01
8.184624569086866863e-01
6.348208946494904303e-02
-4.943341521170417363e-01
-1.261698408682793149e-02
3.078849415057597905e-01
-6.151124964475220835e-01
-3.251226483736763262e-02
6.175751016008036443e-01
3.826027001930626392e-01
-3.378837582872283862e-01
6.007050156988152922e-01
-1.000000000000000000e+00
9.451291814023642379e-01
-1.816916152995216860e-02
9.634797322807381326e-01
6.142312012266895049e-01
-9.775976178774664627e-02
1.843428221433573710e-01
9.671217378076557569e-01
-9.599008196569862594e-01
-4.560328620455298410e-01
-2.684870307295030289e-01
6.042282029566030666e-01
-5.275497638800620281e-01
6.793048793063327651e-01
2.857107770200888464e-01
-8.120858046700929478e-01
2.021712691241845938e-01
-5.749187450846335867e-01
-2.682342546206639700e-01
-8.757803759466258331e-01
1.633087796234157230e-01
7.658528866644463973e-01
-2.782437020390129412e-01
-3.074407217185812780e-01
-6.479839116517633890e-01
-2.753114431673671647e-01
4.765595683899119805e-01
-4.202867844274633669e-01
-4.846110450526286417e-01
1.737356784814447774e-01
-6.663159311877721036e-01
-1.000000000000000000e+00
-8.482383787846897727e-01
-3.215651672261078398e-01
6.128113519773711326e-01
4.711673894120194106e-01
6.611516361462140834e-01
5.053605293920868657e-01
-5.307252721577453425e-01
1.000000000000000000e+00
2.329196091744662744e-01
-3.299001485231591313e-01
2.495697678298320898e-01
7.189261746793755847e-01
-2.541385471462527246e-01
-5.856918438904381574e-01
-3.819103953238439653e-01
-2.910012342073980407e-01
6.191383579227487388e-01
-9.695248629855303113e-01
9.521517000139630982e-01
-5.272108421270143008e-01
5.927921557253768015e-01
8.705587412652125989e-01
-5.275999376266834462e-01
-7.238851975723752386e-01
8.548927164734749784e-01
3.136453429898263812e-01
2.192602560923923860e-01
-1.000000000000000000e+00
1.920666212878747170e-01
7.270025942571105571e-01
-8.907886642625144624e-01
-5.291235189494720714e-01
-5.399398595023561231e-01
-2.383003344682365077e-01
1.000000000000000000e+00
-3.103721798297779944e-01
1.045962816653754207e-01
-5.712399028847007232e-01
-1.000000000000000000e+00
1.713569187120155546e-01
6.496853454179033482e-01
5.793077896013213435e-01
-3.645896372721478262e-01
-4.684699062626180854e-01
-8.847194111473667411e-01
2.479526911376933318e-01
-4.991430486069398653e-01
-8.411768356904230082e-01
-8.152350657361698838e-01
-5.039884224155920522e-01
7.428467310994631978e-01
-5.569509388659885651e-01
2.900623101065542553e-01
-6.407360916640331139e-02
-8.783313956652730181e-02
1.170755548181857814e-01
7.238590063202263725e-01
