-6.415002592534677639e-01
-9.971975599393262391e-01
7.462773366384098939e-01
-8.377409560021193968e-01
-1.000000000000000000e+00
-1.221457002763797206e-01
-7.420138388755181946e-01
3.833647073220782242e-01
-4.620655444260443057e-01
-1.000000000000000000e+00
1.000000000000000000e+00
6.000951799323533953e-01
9.049634313818023523e-01
-1.854706549760689049e-01
-1.000000000000000000e+00
-4.126534942518518267e-01
-9.199959504289872969e-01
9.303602956400701673e-01
-9.553110330002811956e-01
1.000000000000000000e+00
2.683653022510196773e-01
-1.466285415514170243e-01
-5.610718804844173624e-01
-1.000000000000000000e+00
-9.982460656833478385e-01
-1.000000000000000000e+00
3.335505609247788605e-01
-1.000000000000000000e+00
1.000000000000000000e+00
2.786736416251373721e-02
1.000000000000000000e+00
9.700174344728234033e-01
2.026999396951782995e-01
-1.000000000000000000e+00
1.000000000000000000e+00
-8.425107107011328145e-01
-2.840316575147947553e-01
-9.467407141937929094e-01
-1.000000000000000000e+00
1.000000000000000000e+00
1.000000000000000000e+00
-9.983851061026765006e-01
-7.083434563655075511e-01
1.249472871789144429e-01
6.529576914441552749e-01
5.939601803947671677e-01
5.500985365654881276e-01
-2.364384505966782984e-03
-1.473629284455488797e-01
2.939872470097366075e-01
-2.189745158974012451e-01
-7.597382686251408224e-02
-1.000000000000000000e+00
3.701789026172938590e-01
4.573029292652398548e-01
1.000000000000000000e+00
-2.393744265134826188e-01
-8.951639326914948569e-01
-1.000000000000000000e+00
-1.000000000000000000e+00
8.750292396712167076e-01
3.904455482839190306e-01
-1.820413521195327622e-01
9.606302075566327536e-01
9.795182663640676912e-01
7.254010505391477182e-01
1.000000000000000000e+00
6.992353870191636567e-01
-3.105725746842885604e-01
9.602009309109155177e-01
5.038181397117581506e-01
4.742717199014012674e-02
-4.262399621341204092e-01
-1.000000000000000000e+00
-1.000000000000000000e+00
-9.808443764128570164e-02
-8.035774299743671245e-02
6.328842569586309308e-01
-1.000000000000000000e+00
1.000000000000000000e+00
-1.000000000000000000e+00
-3.773664976045696950e-01
-6.390791856012639771e-01
-8.352875424070619337e-01
1.000000000000000000e+00
-5.890149930306436132e-02
-1.588534826247356146e-01
-1.818032208895408175e-01
1.349595926256324518e-01
-1.000000000000000000e+00
1.000000000000000000e+00
5.312328679904261275e-01
-3.685729249498793103e-01
3.362218074079211805e-01
7.622992281647202883e-01
1.000000000000000000e+00
-6.801121331068377129e-01
-1.000000000000000000e+00
-2.523905665857963387e-01
9.044669630632532487e-01
7.956994447068475029e-01
-3.433194080851302843e-01
9.993232800963063323e-01
7.940561300894235508e-01
-4.035962607393102641e-01
9.689649118626504354e-01
3.829805110826632886e-01
1.809712570807391341e-01
-4.456545059036288725e-01
-8.679180084528872463e-01
9.729431794574470160e-01
4.302909536309461325e-02
1.000000000000000000e+00
-6.639778370255405848e-02
5.339415872219278603e-01
-1.000000000000000000e+00
-5.060920523053549225e-01
-9.397671183108816662e-01
1.536070041044504120e-01
1.000000000000000000e+00
-6.624030718124945816e-01
1.000000000000000000e+00
-1.060561809757761820e-01
1.000000000000000000e+00
1.000000000000000000e+00
1.621747157945242768e-02
-4.900005071020229197e-01
-1.000000000000000000e+00
5.080606956778637578e-02
3.064653696523287341e-01
-1.231995361744211703e-01
-2.415019494395834188e-01
2.981714802236813400e-01
-4.811152166850827805e-01
1.000000000000000000e+00
1.000000000000000000e+00
1.000000000000000000e+00
-3.782925671459869688e-01
-1.000000000000000000e+00
1.000000000000000000e+00
9.983467486746121500e-01
9.516950116417933758e-01
-3.582383698951072670e-01
1.000000000000000000e+00
-2.177353433300848740e-01
-1.000000000000000000e+00
-3.476870826855310570e-01
-4.627847254944343347e-01
-1.000000000000000000e+00
7.265691980666988403e-01
-9.213437723564734672e-01
-1.585904440927514772e-02
9.799273011651327137e-01
1.000000000000000000e+00
1.000000000000000000e+00
1.000000000000000000e+00
-6.587042113342712613e-01
-1.000000000000000000e+00
6.038456485114221950e-01
-1.000000000000000000e+00
-6.947077693217330596e-01
8.791824475369508507e-01
-3.328109944188439168e-02
-1.000000000000000000e+00
1.000000000000000000e+00
9.940770906782085969e-01
1.000000000000000000e+00
-8.544761858893021866e-01
-1.000000000000000000e+00
1.000000000000000000e+00
1.000000000000000000e+00
-1.000000000000000000e+00
7.143124569907397525e-01
-1.000000000000000000e+00
7.626305556058710078e-01
-9.422336186224294918e-02
1.000000000000000000e+00
8.998178235628715438e-01
-9.548133918803984876e-01
-9.036894556564427639e-01
1.000000000000000000e+00
8.669921955460901941e-01
1.396897642886330004e-01
2.524916877419569605e-01
9.344226607906239712e-01
1.000000000000000000e+00
9.296323859112056720e-01
6.437527623740794125e-01
1.000000000000000000e+00
7.282609389122963739e-01
5.938461066247273656e-01
9.946677717525348461e-01
-2.502372343429459245e-01
-9.943700087182024694e-01
5.294425484317445418e-01
-9.209453406269826337e-01
-6.020341483463313992e-01
1.000000000000000000e+00
-3.085667395679810854e-01
9.715741909214947736e-01
1.310377273083929428e-01
-3.338199488152442385e-01
5.946195276044496936e-01
-7.960125485934710365e-02
-7.206524268443768033e-01
5.484858778776982025e-01
1.000000000000000000e+00
-1.000000000000000000e+00
-4.567857913093016919e-01
1.000000000000000000e+00
1.000000000000000000e+00
1.000000000000000000e+00
-1.000000000000000000e+00
-5.814233821820650183e-01
1.000000000000000000e+00
9.092762046530165065e-01
-1.000000000000000000e+00
-4.929083969563174406e-01
8.957961212458583899e-01
2.245736872963829123e-01
-1.000000000000000000e+00
1.000000000000000000e+00
-5.449346542575158603e-01
1.000000000000000000e+00
1.000000000000000000e+00
4.952059191703209740e-01
4.323237560174837957e-01
5.692616365697487218e-02
-9.210078062664214249e-01
1.000000000000000000e+00
-4.113056854142250196e-01
3.618136809513219920e-01
-9.965964089308709806e-01
-1.000000000000000000e+00
-1.000000000000000000e+00
-1.000000000000000000e+00
5.779761100256323170e-01
9.740640827792774736e-01
1.000000000000000000e+00
-4.307409538334804888e-01
9.962553454481507531e-01
-1.000000000000000000e+00
6.246137196490821886e-01
6.688188987482169834e-01
9.394413672620398614e-01
-1.000000000000000000e+00
8.245937458750488558e-01
-1.000000000000000000e+00
-3.495609053224277285e-02
9.418758710328619665e-01
9.641430852058719969e-01
1.000000000000000000e+00
-2.203993434805264773e-01
1.000000000000000000e+00
-9.976185506495969246e-01
-1.822399415759934360e-01
4.780579558033827836e-01
-9.090766256206402884e-01
3.791303261953961612e-01
-5.777789419630111750e-02
-1.000000000000000000e+00
-5.268029387638044347e-02
-1.000000000000000000e+00
-1.529346837911256807e-01
5.036102611853484623e-01
