-9.763100811862592820e-01
-7.617218993189672771e-01
6.953017997402128891e-01
-4.866167021238457790e-01
3.656990109769756025e-01
-9.587213648064512039e-01
-4.825925864091551998e-01
3.464215897639127406e-01
-2.002510635914396542e-01
-7.505437900555184116e-01
-1.000000000000000000e+00
-5.978426576384634483e-01
7.591641244935756205e-01
4.399500597816610736e-01
6.212109501360496555e-02
-2.129041003699998491e-01
2.691604372355129726e-01
-9.388117767442172301e-01
2.146575341825584515e-01
1.012916904839866600e-01
-8.407487171167977724e-01
-3.542342139180942873e-01
-5.746302862670331635e-01
-6.490619766769869514e-01
6.432970761887313316e-02
8.335639585898524384e-01
-2.021764537979056087e-01
-5.134389390483210525e-01
7.964566769262793056e-01
1.000000000000000000e+00
1.309077232354212139e-01
-9.472380326059628430e-01
-3.090319384156952065e-01
2.566751730671805731e-01
-5.896988092793278846e-03
3.869430661961788531e-01
3.943982681914594557e-01
-1.425987749683488015e-01
2.104196178243022963e-02
-7.856220283508563718e-01
6.274962059511870471e-01
7.421168337997154918e-01
-9.431788983080475752e-01
-6.879307312684094233e-01
-5.546017317518412426e-01
-8.024604090484348529e-01
-8.170938545959731680e-01
-7.407190312241069829e-01
-4.545599560212412182e-01
2.089074012091529653e-02
-7.998532009353698236e-01
9.952636663119747151e-01
1.878697379216340835e-01
9.607494885177203514e-02
2.713414670346336877e-02
-7.810280237019209260e-01
9.623719122580367547e-01
-3.006874171443777444e-01
-3.656645053190598627e-01
-5.939054381936021976e-01
6.160036234514043585e-01
-5.224893437960447251e-01
-1.325009020371228918e-02
-6.505942818917272996e-01
-1.024248680962622782e-01
-1.514478808465764825e-02
8.379974785032310303e-01
-8.381623139726164240e-01
7.203257457885338111e-01
-6.091518249801617518e-02
9.671724642308249242e-01
4.392250486924258457e-01
9.187539525818181341e-01
-1.109718733913079847e-01
2.758726261331714280e-01
9.358830872518157928e-01
4.314174922711568883e-01
2.842327610276555450e-01
6.901467316578945299e-01
6.159816843926262386e-01
-1.830683707917388769e-01
9.112667569389898414e-01
-1.000000000000000000e+00
-3.404691567556554221e-01
3.097579705476151690e-01
-2.967150118468651065e-01
-5.542787178285177863e-01
-9.778178000331239073e-01
-1.245685101144874546e-01
-4.557276163444894113e-02
-6.155786481535912014e-01
1.935940876502342811e-01
6.037424384586552450e-02
7.806237490722589545e-01
-3.385107291573181687e-01
-8.100270287660689128e-01
-4.861703690802298694e-01
-1.958145911095097169e-01
-5.204261393865430296e-01
4.192990982592678662e-01
-1.155339446911443635e-01
-9.486675444956725878e-01
4.582121528369327290e-01
-2.491337039639008322e-01
6.879904071887037453e-01
9.640014830150179792e-01
6.463887088355421140e-01
4.353571311748921091e-01
3.836803596722418996e-01
3.496811060425437101e-01
-1.000000000000000000e+00
4.513902152834494697e-01
-3.301037741035769968e-01
-6.887290666000041028e-01
8.183360120952288819e-01
4.593464866157871002e-02
4.901124365004447814e-01
8.829762396731164475e-01
1.000000000000000000e+00
3.414242868431801581e-01
9.818490284875290852e-01
-7.866135064577702840e-01
1.600902828639041431e-01
-6.209836030484061631e-02
-6.253599712607963435e-01
4.388665497295786144e-01
-4.140472912882517398e-02
9.427450723628025275e-02
-1.000000000000000000e+00
-2.176140095477450687e-01
-7.116474879431774481e-01
7.242878171818237787e-01
-4.609541011353738837e-01
8.322579514132261158e-02
-9.849166253502167345e-02
8.797359930108130666e-01
7.931850688349340039e-03
4.867165802991557655e-01
-7.102604825562706115e-01
6.959207397532614081e-01
-3.630623488109682162e-01
6.833944211222449105e-01
3.049849754471793406e-01
-7.452259825509097713e-01
2.048405911780973032e-01
-6.652239697625799142e-01
2.772059033346335744e-01
-9.429424899445550956e-01
1.821642305204495271e-01
4.210281666375454424e-01
6.467130131791096193e-02
-1.903888130314640714e-01
-9.405238493139171929e-01
-7.262406834334161898e-01
3.046112163083457003e-01
8.708928983662133083e-01
1.326401725972359003e-01
-3.674786442323906277e-01
6.387826648196782697e-01
5.726535825493341836e-01
-2.920791062621036493e-01
6.437847364957168805e-01
6.265693511150192962e-02
-5.505273428682789794e-01
-2.937690189776875904e-01
-8.923367254375629276e-01
-1.000000000000000000e+00
-8.319914816755159814e-02
3.529903488154495506e-02
1.000000000000000000e+00
2.688694702356876354e-01
-5.656678268302492985e-01
1.151655099492524814e-01
1.567686622650425743e-01
-9.361856774539285553e-01
-6.164737302929998441e-02
-2.114557742730092393e-01
-4.268047415658489108e-01
-4.587624357949163789e-01
-1.654938464465914860e-01
-5.929821585161698660e-01
3.565783238644228970e-01
8.489900923416668910e-01
-9.799707658381926478e-01
2.250449699276155791e-01
1.819037479387416445e-01
5.065761231442630352e-01
9.627338688125248733e-01
-3.632602551698977389e-01
8.385786833297477205e-01
-5.900262112001409820e-01
5.738722052839144716e-01
-6.202210382969224334e-01
6.635815508423527007e-03
2.430067854573716712e-01
-9.180165287126893503e-01
-2.344640250111205138e-01
6.177132845767876468e-01
2.183113556909412056e-02
-5.018742329306751238e-01
6.716631654487510428e-01
4.032121490644565709e-01
-2.891071717881541492e-01
4.214160812986669225e-01
3.102632250951223858e-01
2.704079797065719326e-01
1.507057935158736817e-01
-2.311612078874163423e-01
7.371615029042608569e-01
-2.765706086856770801e-02
3.424298693148412065e-01
-4.340761077138456381e-01
3.945937759447809556e-01
1.000000000000000000e+00
8.924548053528020830e-01
-5.755481617263014105e-01
3.652278538372865091e-01
1.296898293030339655e-01
-6.758547691238079302e-01
-2.284269091162082765e-01
-7.871345380867899033e-01
2.940854858977187680e-01
-1.018920095485201099e-01
-4.608825828105073130e-01
6.468028063392745608e-01
-6.548662459107921219e-01
-2.479732479670071210e-01
6.611184453580163378e-01
2.255901050730890756e-01
-4.896122311089783907e-01
1.000000000000000000e+00
3.635614059981612800e-01
5.641685991742139139e-01
1.000000000000000000e+00
5.695051554287202666e-01
-6.114115584122571390e-01
9.608467726912556239e-02
5.898763405465934362e-01
1.939734269226039143e-01
-9.408186214665954783e-02
-6.804347037051187153e-01
-2.896923726122013765e-01
6.600557253865035889e-02
1.323941309289717039e-01
-5.392935367693898474e-01
-9.170229202883151132e-01
-4.958374108006551317e-01
-8.823416466511715406e-01
1.000000000000000000e+00
-7.720258466528282515e-01
-9.896298938116143695e-01
-8.172130601375108272e-01
2.998539985028759736e-01
5.577765699934235100e-01
5.322525617211226745e-02
2.962974187003862836e-01
-1.734626827381642034e-01
-2.985496556663211898e-01
6.033807083978787872e-02
-8.741754716483706167e-01
-5.539895776594458976e-01
-2.992327930523956403e-01
8.553372331875659373e-01
1.000000000000000000e+00
-2.112246650368019285e-01
