8.090434346948947031e-01
-4.214804449940829922e-01
-3.236538368762417739e-01
-5.131252281369047541e-01
1.000000000000000000e+00
-5.416353873752339787e-01
-1.251725563123835538e-01
2.611101605448087337e-01
-7.937278269701445454e-01
4.575455617626191795e-01
-4.977213092316745691e-01
8.222098197293832289e-01
3.315533951552258607e-01
2.544362223937788325e-01
4.530181786958409340e-02
1.569559761284879951e-01
-5.535580400696342718e-01
-7.226547773448979139e-01
-8.377865152304058149e-01
8.739872223852445110e-01
-5.552226921591110198e-01
-1.803800682688776469e-01
4.401820821513042770e-01
-4.423892514912797225e-02
7.742047066889488072e-01
-3.630989821329524414e-01
6.378693036049565279e-02
-6.882356069956723221e-01
-2.064819966540401008e-01
-9.897601454239564056e-01
4.254792004320593346e-01
-1.445202062788002451e-01
8.306244468674783832e-01
-2.167600860941509833e-01
9.350234191755568691e-01
-6.517547615620846724e-01
-5.887617252600172435e-01
5.934687653616534941e-01
6.542950825893010247e-01
-9.235361770507948265e-01
6.813606554428386364e-01
3.205898836777503202e-01
6.462045653879925355e-01
-1.645118456404193186e-01
-5.622397918596186983e-01
6.736934348584726617e-01
-6.415317023791877737e-02
1.759274624517610519e-01
-3.061784724963716453e-01
5.011497101153048472e-01
4.482674566687683271e-01
3.380195990061303224e-01
6.420941797913264359e-01
-6.165548012379722387e-01
-7.610486143949560800e-01
-5.919281378056358012e-01
-3.187894798281298847e-03
5.279004873187052027e-01
-9.188971113084176690e-01
-5.104065978995382391e-01
-6.904914740767894576e-01
-8.854435446515127595e-01
9.771904947247003204e-01
6.506149582727105418e-01
-2.751800886884394615e-01
-6.794916876560841423e-02
2.594974703161043728e-01
-4.192207199489861313e-01
1.808428573798974703e-01
-8.147431819481325554e-01
8.799246735287427068e-01
-5.996708844792704163e-01
9.941831992398850737e-01
4.500953093874875410e-01
5.561096725428038567e-01
-6.509785766241282801e-03
4.532551092836198947e-01
-2.905930807303558350e-01
1.150266874805860873e-01
9.379579686187695664e-01
5.781688595155400900e-01
8.097776429223979555e-02
7.415847726645059534e-01
3.511197665454899308e-01
9.197252161955149496e-01
5.680233160958301220e-01
-6.057391147960256017e-01
5.840243481737277254e-01
9.843989057166233625e-01
-7.400203153127384859e-01
3.750705379920239446e-01
-1.000000000000000000e+00
-4.706769121528919797e-02
9.411643602661814434e-01
1.951122498967963748e-01
5.757848645217473749e-01
-7.974417822057267013e-01
4.874120473085896688e-01
-4.796044937609371672e-01
-2.522952652963981190e-01
-4.271665037979623936e-01
-4.712600820233867616e-01
1.145894476824851488e-01
7.677934537532880022e-01
2.920020328507613172e-01
8.031999798311224570e-01
8.011075497539943413e-02
-7.490033372836253367e-01
-2.685079100106310124e-01
-6.149086491365505225e-01
2.033359887005057320e-01
8.782334051991965707e-01
-9.444171089566330002e-01
-1.901039824522703370e-01
8.586063349092520891e-01
-9.156787688828464944e-01
-8.593605486689175343e-01
-7.953133111148846801e-01
-5.115520783308760144e-01
-6.658922715727262354e-01
-9.081451758394833984e-01
9.088286599192141324e-03
-6.941848536802130987e-01
9.030375409791153718e-01
-2.307847482666053052e-01
4.528042582263145377e-01
3.822871459940241357e-01
6.519235911760064006e-01
-7.941984874244343295e-01
-2.862071300851206646e-01
-1.614364662839276598e-01
-4.603834922433392984e-01
2.309132390647908317e-01
2.489494099467074728e-01
-1.965156214548799962e-01
-7.167147551232608826e-01
4.919037965356164444e-01
-3.343740083499644467e-01
5.958590667039700972e-03
1.784792322041780233e-01
1.000000000000000000e+00
-3.338939969937376739e-01
-8.865379112021796182e-01
3.866431803212955209e-01
-1.787527909924032099e-01
7.479668413857705200e-01
7.907477756976840633e-01
5.492863346812540959e-01
-6.244417253507987819e-01
-7.254506693605297096e-01
2.434162424455486029e-01
-9.544068556789886415e-02
-5.291695354463235024e-01
6.448948729467083307e-01
-3.929941155135027731e-01
6.187060032951318123e-01
-3.247871542675755396e-01
-1.647737223110551652e-01
-5.487629034681545948e-01
8.919609226939106961e-01
1.019293705387430415e-01
-3.945574383139189845e-01
-1.000000000000000000e+00
6.007302651259864845e-01
-9.523104149306811372e-01
-3.590795832532168719e-01
-8.236737189405407555e-01
-3.784522630233967955e-01
4.879054285754784726e-01
6.572616937561402972e-01
-6.516567582301822092e-01
1.487119870316815362e-01
-5.457505054181166493e-01
-5.385173858646669087e-01
-7.771212383882251107e-01
3.116597289378130742e-01
8.777885763158810306e-01
-6.711594755653014222e-01
-1.945268103698203910e-01
8.036619384639285268e-01
8.614045143515862701e-01
6.190306101911461356e-01
-6.289023877891564140e-01
-9.805347144089134881e-01
6.913318112061779264e-01
-5.716171746659732822e-01
6.928356484521875913e-01
-6.746567482688188289e-01
8.698035015549310245e-02
1.724501633312138793e-01
5.269553202252754698e-01
3.329854475707092476e-01
1.445180538298570239e-01
7.580112445176583336e-01
-8.473054247720702703e-01
7.923507159541209877e-01
5.805011685670079247e-02
7.497778002034349853e-01
-3.913946137129407088e-01
1.170021310205285325e-01
5.437929160224346248e-01
6.488706034371176656e-01
-4.659663551213463761e-02
-7.651433413094930192e-01
-6.006879706992735990e-01
-1.809629970976553981e-01
-5.926470793196986220e-01
-4.277394366900243439e-01
-4.487090943678272437e-01
-7.081277315376241499e-02
-3.073234454397850701e-01
9.502587550144347972e-02
3.387448685328539044e-01
5.889921369273638518e-01
8.758739415357293945e-01
-5.206971599578378296e-01
5.272445067286926079e-01
-4.324164969335071440e-01
-3.168858839390276128e-03
-6.421557481682820256e-01
-7.015293691290493960e-01
6.135005888856468470e-01
2.740830832800866812e-01
-5.443186442634153632e-01
4.197417233970410777e-01
2.728763415007924298e-01
2.403981550168367565e-01
1.449643747513657266e-01
7.863091078146702273e-01
8.116060790196911734e-01
-1.396345963886187203e-01
8.023052734625583104e-01
2.939685480238509729e-01
8.734140900338618341e-01
-6.329025641167254634e-02
5.254400572113193668e-02
9.287601173201492921e-01
-8.436150484885010514e-02
5.522604276495959308e-01
-4.096369144938742934e-01
1.594727638546177273e-01
3.176414415036307171e-01
-7.363607788991722858e-01
-3.285336264439679965e-01
6.603583907759209559e-01
5.467542753905302311e-01
9.132765952004602283e-01
3.817284723105738853e-01
9.415385669483040676e-01
9.536872506209752576e-01
7.333777634880098706e-01
-1.585096840771444970e-01
-1.507877361450220555e-01
-1.870173486036197028e-02
-5.334086087490090833e-01
6.606816295247200377e-02
7.290376949810927210e-01
-8.720753485741900013e-02
5.013430007002308564e-01
-4.240930797955952958e-01
3.792793325902140134e-01
3.738059647889518944e-01
4.006696125902300953e-01
6.519507544237934660e-01
-7.133402925039593612e-01
