-6.744227483471889606e-01
9.818943313854282540e-01
1.000000000000000000e+00
-5.911450300703610661e-02
-1.000000000000000000e+00
-4.179208984831384588e-01
7.766204754783474773e-02
-1.000000000000000000e+00
6.477180870405823132e-01
-6.572289041734640236e-01
-1.000000000000000000e+00
-5.864767529294518944e-01
9.013783153814807214e-01
-1.000000000000000000e+00
3.296513585710179606e-01
7.796734996773773130e-01
3.241536597281056142e-01
-4.209526034358727076e-01
5.000465178114555931e-01
7.576865633298188740e-01
-5.488733978236658428e-01
8.745375604953272708e-01
-9.433873947446373975e-01
-2.739972446720980170e-01
2.130697367183808089e-01
-1.000000000000000000e+00
7.171285495319581482e-01
-1.000000000000000000e+00
8.124570837964359971e-01
-1.000000000000000000e+00
9.993585395431388019e-01
-1.000000000000000000e+00
-1.000000000000000000e+00
-6.122101905812195044e-01
-1.000000000000000000e+00
-1.000000000000000000e+00
-9.774465391624466148e-01
5.818831494766312229e-01
-3.988280795683294550e-02
6.756552234984191108e-01
-5.780722364615403785e-01
-9.938052939780019912e-01
-2.852678830666132148e-01
1.000000000000000000e+00
-9.121876259727175473e-02
1.000000000000000000e+00
7.943036058135082289e-01
-1.000000000000000000e+00
5.082034086183416788e-01
1.000000000000000000e+00
-1.000000000000000000e+00
-1.000000000000000000e+00
1.000000000000000000e+00
-1.898887020353311195e-01
9.907656130390770644e-01
-1.000000000000000000e+00
-4.235057693057299733e-01
1.000000000000000000e+00
-9.020057578711419832e-02
-1.413394016768226846e-01
-3.122458988855061901e-01
-8.145806391139905900e-01
9.368564018182420350e-01
-1.000000000000000000e+00
1.000000000000000000e+00
-1.000000000000000000e+00
-8.037507389782567735e-01
6.153870195558275302e-01
-3.088031728581970836e-01
8.757310794133322807e-01
-1.000000000000000000e+00
-9.641573594748688025e-01
-6.239416282963713423e-01
-1.000000000000000000e+00
9.239835092048274134e-01
1.000000000000000000e+00
-7.814520945382051886e-01
-4.753078948066390419e-01
-8.566671497671601854e-01
-1.745107043738585717e-01
-1.000000000000000000e+00
9.116809716715198464e-01
5.716600594265149882e-01
9.959345370627398220e-01
-2.367961274050351117e-01
-4.214147527046899766e-01
8.044940960652101625e-01
-1.000000000000000000e+00
6.277878689374964960e-01
1.000000000000000000e+00
-3.479065709845648446e-01
1.000000000000000000e+00
-1.000000000000000000e+00
-1.000000000000000000e+00
3.041017201250724167e-01
-1.012453979660490888e-01
9.968311264244381631e-01
1.506133445654791736e-01
1.000000000000000000e+00
2.560449475338706371e-01
-1.000000000000000000e+00
6.762199148497244350e-01
6.719605123181688899e-01
4.425448520786638001e-02
-9.156826029679540069e-01
-6.848119143063884084e-02
-9.402151202319015688e-01
-2.111873992324381499e-01
3.800370933202578978e-03
3.591669233763049307e-02
4.881780050018036388e-01
-1.000000000000000000e+00
-6.472243992957120717e-01
-1.000000000000000000e+00
-1.000000000000000000e+00
1.000000000000000000e+00
7.554626902322292281e-02
-1.000000000000000000e+00
9.913430771728281021e-01
1.000000000000000000e+00
-7.300764802138694221e-02
7.976518424529835949e-01
6.306651283639509442e-01
6.553131234918214698e-01
-9.531649775021641124e-01
2.341265826899021352e-01
1.000000000000000000e+00
-1.000000000000000000e+00
1.000000000000000000e+00
9.993975251077249489e-01
-4.732363394284094804e-01
-2.646502948090643792e-01
-9.756523038542243287e-02
-5.420588493238167466e-02
1.000000000000000000e+00
-3.497704606561750640e-01
-2.966532744593902149e-01
-3.634369077999914377e-01
-9.358528997544875994e-01
-7.242002072229586362e-01
-1.000000000000000000e+00
-2.221199680288977185e-01
9.680837547247249653e-01
-1.000000000000000000e+00
-9.940702443768313357e-01
1.000000000000000000e+00
1.567526773396390460e-01
-4.230826814959710025e-01
8.239481884446639981e-01
-3.539320178395489180e-01
-1.890379289491816162e-01
4.403967487571439077e-01
-8.539374160865925711e-01
-2.814593961356180452e-01
2.053440937097988639e-01
-1.247177117760346621e-01
-5.153914756805313413e-01
7.621332419399015068e-01
-4.350616824704425234e-01
5.057630136470931959e-01
-2.273169782690358243e-01
-1.000000000000000000e+00
-6.104629509528198827e-01
1.000000000000000000e+00
4.932222380697343644e-01
-1.000000000000000000e+00
-8.769414964096884368e-01
1.000000000000000000e+00
9.178741280328671370e-02
-5.442828101901066029e-01
-4.350883351076968997e-01
6.370716954337493076e-01
8.185843330625356407e-01
-7.896052024217491416e-01
-2.474015606690798882e-02
-9.956211040935979417e-01
1.000000000000000000e+00
8.978428484335424509e-01
-2.896541061590258703e-01
-5.238250918458280392e-01
-8.166180033031127383e-01
-9.942561424918227031e-01
7.288717179710215710e-01
5.199347171412715962e-01
-5.303607446248658208e-01
-4.467460615882308805e-01
4.045762259870311905e-01
-1.000000000000000000e+00
6.362676927251595949e-01
9.626193725277967239e-01
4.972437659812454780e-01
1.937646141264868626e-03
-1.000000000000000000e+00
-9.315905424294636250e-02
3.660761708742049092e-01
-7.895452146926241754e-01
-1.000000000000000000e+00
4.286056444916644947e-01
-1.000000000000000000e+00
-9.374960068389368573e-01
-1.000000000000000000e+00
-5.758776957868277924e-01
3.321262077948075597e-01
-9.489563446617125253e-01
1.958233138933899165e-01
-1.000000000000000000e+00
-4.828305851178784636e-01
1.339261497443395565e-01
-1.000000000000000000e+00
-1.000000000000000000e+00
1.000000000000000000e+00
-1.000000000000000000e+00
9.987084296385164706e-01
1.000000000000000000e+00
-6.315550062312164092e-01
-1.000000000000000000e+00
-1.000000000000000000e+00
7.789341589549463318e-01
8.448920149685710257e-01
9.487095932047725499e-01
8.343100055667728165e-01
5.012637576598484301e-01
9.875674954527721150e-01
5.642873242991073290e-01
1.000000000000000000e+00
-7.228469200321803179e-01
1.000000000000000000e+00
9.501030177645084507e-01
-1.000000000000000000e+00
1.000000000000000000e+00
-3.054284418809352641e-01
-2.864784375315297393e-01
1.000000000000000000e+00
-4.753128709931311174e-02
5.768120725519580994e-01
-5.423343779898066597e-01
-1.000000000000000000e+00
1.000000000000000000e+00
-1.226191283195249976e-01
9.408006144524972969e-01
-3.952620189533166961e-01
-9.215061638701049773e-01
4.912005535237750076e-01
-9.875889387691346721e-01
1.208747301741624064e-01
-6.203655212711557398e-01
1.000000000000000000e+00
1.000000000000000000e+00
1.000000000000000000e+00
-9.361569389101951355e-01
5.186328255544262467e-01
-1.000000000000000000e+00
-1.000000000000000000e+00
3.994047841449758773e-01
-1.000000000000000000e+00
-1.000000000000000000e+00
-2.790902038328443302e-01
-6.144306751138379763e-01
1.000000000000000000e+00
1.000000000000000000e+00
-1.000000000000000000e+00
7.748684522284566834e-01
9.581270274166802103e-01
1.000000000000000000e+00
-1.000000000000000000e+00
