-2.394117823168160075e-01
9.910694199325725817e-01
-5.035241944745887377e-01
1.000000000000000000e+00
-6.143725662816108546e-01
3.234070232018542157e-01
9.525907396005005578e-01
3.224273959997805972e-01
5.334502050320026889e-01
-4.692208243690761393e-01
1.000000000000000000e+00
-1.924877570809262195e-02
-1.259726318931651268e-01
-9.556682972266378195e-01
3.973595560773101609e-01
-4.083220042175417785e-01
8.010132543525299020e-01
1.000000000000000000e+00
-1.000000000000000000e+00
1.928175625711627539e-01
2.081397475368435002e-01
-8.225725142251072430e-02
1.000000000000000000e+00
1.111679613452985632e-01
-1.161607747870782581e-02
1.000000000000000000e+00
4.720307048412250572e-01
-1.000000000000000000e+00
-8.191901535916606969e-01
1.055482517360047529e-01
1.000000000000000000e+00
2.502487043170518177e-01
1.000000000000000000e+00
3.076246333620195617e-01
1.003588364530728638e-01
-3.694512175607483906e-01
1.000000000000000000e+00
8.369430608902634905e-01
-7.938614624857776025e-01
-9.583777818019011407e-01
1.438689245302456343e-01
-7.076674523564586705e-01
3.189862261912558838e-01
6.769259884259987148e-01
-1.371305718020667808e-01
-1.000000000000000000e+00
-7.969454691117864309e-01
8.969718985532404432e-01
1.893886359033027378e-01
-9.744002477715049126e-01
-1.000000000000000000e+00
-4.561479510726305087e-01
3.071440839278163359e-01
3.501761755505733986e-01
-1.000000000000000000e+00
-1.054518501218285192e-01
-6.672328871425694530e-01
-4.153883871702775954e-01
-2.108015060356721593e-01
-8.205700170727265874e-01
7.046465156108865369e-01
-9.861597972946353208e-01
7.431069299216059854e-01
1.985010148614245185e-01
-4.608256641808017307e-02
-4.121998725926742657e-02
-9.685502588231561516e-01
-6.714185651039876745e-01
-1.000000000000000000e+00
7.246310216021401018e-01
1.000000000000000000e+00
2.488406045829276991e-01
-4.762841988548529581e-01
1.000000000000000000e+00
-1.000000000000000000e+00
-8.820127390061879291e-01
5.049421450271138756e-01
-7.828586186438178940e-01
-1.000000000000000000e+00
1.791568522153682563e-01
-1.000000000000000000e+00
-5.387115263222165273e-01
7.917432643853266061e-01
-3.560216079874704009e-01
4.107373926135419184e-01
2.195247024636520217e-01
-8.230655732345271147e-01
2.305377149751305921e-01
1.000000000000000000e+00
-1.000000000000000000e+00
2.031335700104285602e-01
9.472651732976018479e-01
-1.480122857976302053e-01
3.878138177004419318e-01
9.412008583026154618e-02
2.514070382146379457e-01
1.000000000000000000e+00
4.237554156414048978e-01
1.000000000000000000e+00
6.351917898585039968e-01
-1.101042559913734675e-01
6.038565782331911658e-01
-7.411204109628400927e-01
9.171221712149102423e-01
-4.545672198275681475e-01
-6.385768881214624049e-01
2.694586355711944825e-01
7.669833223627823271e-01
2.316576048167179325e-01
3.943871509931494435e-02
3.320153843422070095e-01
-4.536711035708749784e-01
1.000000000000000000e+00
8.151712371840966753e-01
1.000000000000000000e+00
5.238566852381225658e-01
-8.558517920679900026e-01
6.458867483877660520e-01
-5.962301310891160444e-01
-6.925102448332188798e-01
-4.917357642480582047e-01
4.551053782512652357e-01
9.316103852839406896e-01
7.213166980285187768e-02
1.000000000000000000e+00
-6.597584928815424243e-01
6.447715149696209291e-01
-1.000000000000000000e+00
-5.970794917324016016e-01
-1.862220874417655145e-02
8.207767922451787712e-02
4.142043753254187055e-01
-2.195625667375862913e-02
-1.000000000000000000e+00
9.322555284352288529e-01
1.000000000000000000e+00
-3.294770766948686425e-01
9.367154569468161274e-01
-1.726712635324671730e-01
1.089779632442445557e-02
-9.144320565381540700e-01
2.197100966734218674e-01
8.533079350081981262e-01
-2.838960584440842205e-01
-1.000000000000000000e+00
5.710346114448881794e-02
-8.083112159038535749e-01
-9.677614706239521247e-01
-5.682231266852215690e-01
-1.498715666394688228e-01
3.590405694379348450e-02
9.489423200253809254e-01
1.000000000000000000e+00
4.624281660038378483e-01
-7.194821022431308055e-01
-6.422256983677561148e-01
-4.564331256479672860e-01
7.898733197121839966e-01
-1.000000000000000000e+00
5.351359415215768411e-01
-7.193018172679832567e-01
-7.992229927102498244e-02
1.000000000000000000e+00
-9.744791755492298035e-01
-6.478858147812044388e-01
4.718411675086554569e-01
-2.576588350735818378e-01
-5.463582896975387460e-01
9.486132445706878524e-01
-3.642696033718718640e-01
-1.628856140294863697e-01
-9.922715459525029980e-01
4.402000395754501194e-01
-3.551692099176060879e-01
-1.000000000000000000e+00
-1.000000000000000000e+00
-2.744109133870797912e-01
-1.000000000000000000e+00
-6.571414158537453032e-02
1.000000000000000000e+00
-1.000000000000000000e+00
-1.000000000000000000e+00
5.979995900851948765e-01
1.184614854686610042e-01
2.560839278491655602e-01
-1.000000000000000000e+00
1.000000000000000000e+00
3.039549300380257613e-01
8.942984820600605733e-01
4.337295308079396339e-01
-1.000000000000000000e+00
-4.641289320473866997e-01
1.043937247324976253e-01
3.146966162859408112e-01
-1.752429173535945128e-02
9.006606015219850159e-01
8.210886914115031465e-02
-1.000000000000000000e+00
-2.240201562485465980e-01
3.955645136142651452e-01
4.109941037712308565e-01
6.009680795510086160e-01
-1.583364445698840217e-01
1.000000000000000000e+00
4.351078266763232505e-01
7.001730729863880898e-01
-1.000000000000000000e+00
-8.074101987193098573e-01
-4.413902264506477380e-01
1.000000000000000000e+00
-4.700151580119864003e-01
-5.330129554528977298e-01
-3.889304706387181620e-01
1.000000000000000000e+00
-7.742047517242890420e-01
-1.000000000000000000e+00
2.080823159270421552e-01
-6.701031777193775518e-01
-4.747782428832300616e-01
-8.014852398763929742e-01
4.975951872156459538e-02
-4.801548694880521384e-01
8.979852147689136865e-01
1.873926894296672752e-01
1.000000000000000000e+00
-9.224329720857780135e-01
1.000000000000000000e+00
-4.058123754491761437e-01
9.162848372558241028e-01
-3.078798988632264755e-01
1.000000000000000000e+00
8.032185099481358170e-01
-9.432535489508355742e-01
1.000000000000000000e+00
1.156958057331264750e-01
-1.000000000000000000e+00
6.093399275246709490e-02
-6.743335876520957506e-02
5.871175600133882178e-01
-3.249524379334294832e-01
-2.572216919772966071e-01
3.881306182776965708e-01
1.337728532567173528e-02
1.655012334691045861e-01
7.159234993133285485e-01
-4.542913290245016444e-01
-6.600408246792177636e-01
-2.373520313334555043e-01
-8.175355741779141150e-01
1.000000000000000000e+00
-1.000000000000000000e+00
-1.000000000000000000e+00
9.161116004969511728e-01
1.000000000000000000e+00
4.580552508952354107e-01
-1.000000000000000000e+00
-4.313981519480496463e-01
5.115030573485367382e-01
-3.858961806751791679e-01
-3.236064567817000664e-02
1.000000000000000000e+00
8.178894560685913140e-01
-1.000000000000000000e+00
1.000000000000000000e+00
-1.000000000000000000e+00
