1.066758300082870370e-01
6.068264561108127619e-02
-9.277754063214842528e-01
-1.000000000000000000e+00
1.000000000000000000e+00
9.989999798297494182e-01
7.979735149818245610e-01
-1.047584807342701041e-01
-1.000000000000000000e+00
-1.000000000000000000e+00
-7.564192862210041834e-01
-2.576464302323168143e-01
-6.938755226622512762e-01
-9.843026632822888811e-01
-9.983087120618155952e-01
1.801756825914415661e-01
-7.369859342108269207e-01
5.032968901857112209e-01
7.995115301552989662e-01
-5.165689715555907835e-01
-8.743102703826215460e-01
1.000000000000000000e+00
5.103976194700975133e-02
1.000000000000000000e+00
-6.846715832070233709e-01
-1.771474379193905824e-01
1.000000000000000000e+00
1.000000000000000000e+00
9.398185140293873197e-01
-5.038819340655305012e-01
1.000000000000000000e+00
9.172045018915191417e-01
-9.349604861863899385e-01
-9.967436706114223277e-01
9.925335390147685954e-01
1.000000000000000000e+00
-9.349916983582627905e-01
1.000000000000000000e+00
-1.000000000000000000e+00
-1.000000000000000000e+00
9.407004360086316241e-01
1.000000000000000000e+00
-6.047817146855243298e-01
-4.952207035746083452e-01
9.860548080390134640e-01
6.932038403888195477e-01
-1.000000000000000000e+00
1.000000000000000000e+00
-1.000000000000000000e+00
9.498746399289862419e-01
8.582146437567031994e-01
-1.923441839152065513e-01
-2.043034507739415750e-01
1.000000000000000000e+00
-6.885847123871537967e-01
-1.000000000000000000e+00
1.835762800877873968e-01
9.492757154707757161e-01
-5.077319523253199796e-01
-4.870231774136826730e-01
1.000000000000000000e+00
-2.136648941021893067e-01
-9.961645580686403489e-01
3.449116479925396495e-01
-7.928640857673023845e-01
9.997687886848688477e-01
9.633814677194240117e-01
1.000000000000000000e+00
-1.000000000000000000e+00
5.769721178990969701e-01
-1.435660198674240662e-01
-5.638190892491169448e-01
-6.095162936163952550e-01
9.790749037907374719e-01
-7.170283102483314686e-01
7.449914083800962539e-01
-6.585852319360069318e-01
-8.974456697143384787e-02
4.132543929546741435e-01
-7.584292220692799846e-01
1.000000000000000000e+00
2.304902475082654667e-01
-3.004072421827412853e-01
1.000000000000000000e+00
1.000000000000000000e+00
-9.157694513697085537e-01
8.227801230545915834e-01
7.189990960427553035e-02
-2.284914649746387361e-01
1.000000000000000000e+00
7.933712441077757083e-01
-2.598893903908450209e-01
-2.054208034460708321e-02
1.885539219626972962e-01
1.000000000000000000e+00
-1.000000000000000000e+00
-5.150708100530232425e-02
9.998956847802260572e-01
2.713226637617565107e-01
-5.963352705660655007e-01
-3.082748342928127161e-01
-2.723031798431608252e-01
-7.282721314228413068e-01
9.236270171628774284e-01
7.573616900445777622e-01
-9.332532221444928000e-01
-4.960857012313798498e-01
6.528768507197919568e-01
1.000000000000000000e+00
-9.182993395651486424e-01
7.797841486080220319e-01
-1.000000000000000000e+00
1.505011912716056610e-01
2.165947792684150830e-01
6.108523315022098554e-01
-3.170770537363141739e-01
-7.857671342647148949e-01
-6.210509681898462864e-01
9.710796953431377609e-01
-4.153223824257709640e-01
6.476122909769714830e-01
-6.961482221410151272e-01
2.607319490314697896e-01
9.996403991941524847e-01
-1.000000000000000000e+00
-8.749131700631415098e-01
-1.000000000000000000e+00
-5.131946301618425244e-01
-1.839306838533597555e-01
1.000000000000000000e+00
9.215302673145827628e-01
8.062578339830632490e-02
4.197171373203018585e-01
9.962620554586321120e-01
-9.977583376821156369e-01
-3.283536180655227676e-01
-6.818040428070608616e-01
-1.000000000000000000e+00
8.176641872852172810e-01
9.987420647766420689e-01
1.485416594122879463e-01
-1.278003502192391616e-01
8.209590949164120577e-01
6.761238697232793138e-01
1.000000000000000000e+00
-1.000000000000000000e+00
-5.024032561819666842e-01
1.000000000000000000e+00
6.476252888104777616e-01
-1.000000000000000000e+00
6.023733794853007861e-01
6.188272746396122903e-01
-8.662285644350168345e-01
9.818866401384833686e-01
3.812727785082018483e-01
-9.965805236529468036e-01
1.000000000000000000e+00
-6.281285555232763995e-01
2.184611399485849037e-01
4.771531020222005148e-01
7.184146512203393176e-03
7.031346228228685380e-01
-1.000000000000000000e+00
6.417414322574545027e-01
-1.000000000000000000e+00
-1.000000000000000000e+00
-9.482360234396983723e-01
6.362053232845354955e-01
1.537237606689129121e-01
-8.182334152725353471e-01
2.865513372432229033e-01
-2.446284697132107000e-01
6.042368963774255031e-01
-5.370640987823473989e-01
-1.000000000000000000e+00
-5.780139916513689080e-01
8.822456482022689173e-01
-6.076045721929568960e-02
5.265348461968369920e-01
9.980455176082122515e-01
6.651205504634428722e-01
-9.361210229980656550e-01
-6.893544912159220717e-01
3.255700074895200719e-02
-7.513784776957168621e-01
1.000000000000000000e+00
6.130918194586961745e-01
-9.450388278421104626e-01
-1.000000000000000000e+00
2.147113440840037191e-01
-1.000000000000000000e+00
9.601005552576160618e-01
-7.249735453799452944e-01
-1.000000000000000000e+00
7.947018754196274459e-01
9.608587966166564076e-01
-8.941950395037171484e-01
-4.824187276375626610e-01
-5.229143696824534171e-01
1.000000000000000000e+00
9.907873885670779313e-01
6.449837550757738791e-01
-1.000000000000000000e+00
-1.000000000000000000e+00
3.318329596376795587e-01
7.496140175271154282e-01
-4.269021658466718439e-01
5.400806530792888749e-01
-9.752067123286154438e-01
-9.285637438530701671e-01
1.000000000000000000e+00
-7.188073926773380640e-01
1.000000000000000000e+00
-5.393808266242995364e-01
-7.503320247451942260e-01
-1.812276530892346083e-01
1.000000000000000000e+00
7.565995064512958113e-01
-9.983359070035425775e-01
-9.340187683683326414e-01
-1.000000000000000000e+00
-5.395409028123324680e-01
-1.000000000000000000e+00
-7.196362370169157030e-03
-6.246857351066489317e-01
-1.000000000000000000e+00
-9.679219957806813879e-01
1.000000000000000000e+00
-5.502856735435956298e-02
-9.170072166469206421e-01
4.551610760293302027e-01
9.996300781481670672e-01
1.000000000000000000e+00
3.388087392615639348e-02
-1.000000000000000000e+00
-1.000000000000000000e+00
-2.140174779062596067e-01
-8.800591615513320143e-01
4.409240430509627773e-01
8.663782938235324860e-01
-8.923246855414596057e-01
1.690195561533066326e-01
1.605916988775004176e-02
-7.142003772715553866e-01
9.300426943718314021e-01
-1.000000000000000000e+00
-7.397157955542280616e-01
-7.968753273597639630e-02
1.000000000000000000e+00
-3.595761095709891775e-01
-3.889215830566071785e-01
-5.598441906225809506e-01
9.876132907195270816e-01
9.922793584276211609e-01
-9.435493598023705353e-01
1.000000000000000000e+00
-5.709018647684569459e-01
-1.803072516924294488e-01
5.988820109695177502e-02
1.000000000000000000e+00
-5.053262921365534455e-01
-1.000000000000000000e+00
5.478797243469187839e-01
1.000000000000000000e+00
1.000000000000000000e+00
