1.000000000000000000e+00
-8.296601555129499150e-01
-1.000000000000000000e+00
1.468560734761821251e-01
-1.000000000000000000e+00
-1.000000000000000000e+00
9.990588932721909954e-01
1.000000000000000000e+00
-4.346650455320710815e-01
-5.390508159219703499e-02
-6.638771840530134360e-01
-1.000000000000000000e+00
5.543266667990282004e-02
1.000000000000000000e+00
-1.000000000000000000e+00
1.969489360690539481e-01
7.573507384940635356e-01
-4.451321338717628140e-01
9.999980017713120395e-01
-1.438366415450906266e-01
-1.000000000000000000e+00
-1.000000000000000000e+00
-1.000000000000000000e+00
-7.218666309457777430e-01
1.000000000000000000e+00
1.000000000000000000e+00
-1.000000000000000000e+00
-8.138946951787410233e-01
-8.184520643458301770e-01
-6.666427178100788886e-01
-1.000000000000000000e+00
-9.807128879893920459e-01
4.379149742235768916e-01
-1.000000000000000000e+00
1.000000000000000000e+00
-2.073589149772080975e-01
-1.000000000000000000e+00
-1.000000000000000000e+00
-7.616838902046454418e-01
-5.984573545405538209e-01
-1.000000000000000000e+00
2.489785646916024553e-01
-1.000000000000000000e+00
8.947339167919688974e-01
-2.436534501927313523e-01
-3.983104215939604065e-01
-1.000000000000000000e+00
-6.813172900429566026e-01
1.000000000000000000e+00
3.885625063936080092e-01
1.000000000000000000e+00
-6.851785180921521334e-01
-1.000000000000000000e+00
-1.000000000000000000e+00
-5.569059707994096220e-01
-1.000000000000000000e+00
1.000000000000000000e+00
4.725261318978393188e-01
1.000000000000000000e+00
4.776327513002738279e-01
8.474851048933472741e-01
-5.653766508744126895e-01
5.754999777560609875e-01
9.198546884928165968e-01
2.497062079726245221e-01
-3.467305775564214487e-01
7.950795562929563465e-01
-7.453825526406188118e-01
8.521543488494264240e-01
1.000000000000000000e+00
2.453983970787906588e-01
-1.000000000000000000e+00
3.829385733957493820e-01
1.000000000000000000e+00
-8.221475691249345852e-01
2.920046155353160922e-01
-9.803059977987668705e-02
-6.724202905949596687e-01
-1.000000000000000000e+00
-9.961751140979623331e-01
-2.197978861875755363e-01
1.000000000000000000e+00
-3.005257960543565865e-01
-4.697197525882035318e-01
1.000000000000000000e+00
1.000000000000000000e+00
8.045491823699990608e-01
-4.671313874353935636e-02
-1.000000000000000000e+00
9.872248439634181416e-01
-5.016392628958705746e-01
9.820943169869441602e-01
-1.000000000000000000e+00
1.000000000000000000e+00
3.272547147623217634e-01
-9.607009058374906818e-01
9.718893715851346649e-01
-1.000000000000000000e+00
-1.000000000000000000e+00
3.967903852324506375e-01
-1.000000000000000000e+00
-5.141774806764448646e-01
3.782881460267317753e-01
8.333555914957833100e-01
-5.754823813272552657e-01
1.000000000000000000e+00
-1.000000000000000000e+00
-1.000000000000000000e+00
1.000000000000000000e+00
1.000000000000000000e+00
4.096824521067949365e-01
9.991294652807580778e-01
1.467032347039605999e-01
1.000000000000000000e+00
-5.990962812572801777e-02
1.000000000000000000e+00
3.293089508385497188e-01
-1.000000000000000000e+00
5.137287519401864122e-01
6.877779825517116308e-01
-1.000000000000000000e+00
-6.468868855287621678e-01
-1.000000000000000000e+00
-1.000000000000000000e+00
3.016280347632447900e-01
-9.195787591345829792e-01
-9.930062105015644569e-01
1.089003096730749437e-01
-9.641741462883907099e-01
-1.000000000000000000e+00
2.956745662766049332e-01
-1.000000000000000000e+00
3.443679939507379162e-01
7.454187832356944376e-01
-1.000000000000000000e+00
3.127112904452996611e-01
6.601837637395522318e-01
4.668248741818336600e-01
-7.291879536916026083e-01
-1.000000000000000000e+00
-5.789122088453977355e-01
9.979548448400311633e-01
-1.000000000000000000e+00
-7.586565666522268048e-01
-1.000000000000000000e+00
1.846888044918978677e-01
1.000000000000000000e+00
1.000000000000000000e+00
1.000000000000000000e+00
-1.000000000000000000e+00
-1.000000000000000000e+00
-1.000000000000000000e+00
1.000000000000000000e+00
-1.000000000000000000e+00
-5.517686735725590985e-01
-1.000000000000000000e+00
3.913475326481957728e-01
-1.000000000000000000e+00
1.730783229973694992e-01
9.588300548437499460e-01
-1.000000000000000000e+00
2.214842597306850708e-02
9.249316341058907431e-01
1.000000000000000000e+00
1.000000000000000000e+00
-2.932089511011641281e-01
5.798381597867475756e-01
-1.000000000000000000e+00
9.998178960167970475e-01
4.439186009116556919e-01
-9.998512325741565343e-01
-1.000000000000000000e+00
-1.257817465695790504e-01
9.991519443858887239e-02
-5.696843548289781678e-01
-7.250804810473022721e-01
-9.291360003030962877e-01
1.000000000000000000e+00
-1.000000000000000000e+00
3.837376784253836437e-01
9.631293775321141115e-02
-1.000000000000000000e+00
-6.188371624925411707e-01
-2.271412097392104534e-02
-4.843041004045428588e-01
-1.000000000000000000e+00
8.311669301294635215e-01
1.000000000000000000e+00
-1.835583815166029475e-02
-1.000000000000000000e+00
-9.991598523260313280e-01
-1.000000000000000000e+00
-1.000000000000000000e+00
-1.000000000000000000e+00
4.935685163436518419e-01
-8.580816986193814389e-01
5.320636460326880757e-01
-1.000000000000000000e+00
1.000000000000000000e+00
7.589453753313366025e-02
-9.883411160811417240e-01
-3.524558851656511282e-01
1.000000000000000000e+00
6.461187075303350680e-01
-1.000000000000000000e+00
-1.000000000000000000e+00
2.467757396227124311e-01
5.869716174070747083e-01
1.000000000000000000e+00
9.744750089300068252e-01
-1.000000000000000000e+00
-4.070414264051588904e-01
7.442146088797961800e-01
1.000000000000000000e+00
6.100707615104393744e-01
1.000000000000000000e+00
9.813039681566282368e-02
9.925472054477395556e-01
1.000000000000000000e+00
1.000000000000000000e+00
6.412635514376543444e-01
-1.309746467905288647e-01
9.868140104065584728e-01
-6.543720146524998338e-01
-1.000000000000000000e+00
-1.014268564728009886e-01
9.731808445214417125e-01
-1.000000000000000000e+00
7.472208693504092114e-01
-1.000000000000000000e+00
-6.864403204974697248e-01
1.000000000000000000e+00
-1.000000000000000000e+00
1.000000000000000000e+00
8.164077592071447009e-01
-9.867537573280280583e-01
-4.529565671513093861e-01
-1.000000000000000000e+00
1.000000000000000000e+00
1.000000000000000000e+00
-8.714537144484885145e-01
1.000000000000000000e+00
1.000000000000000000e+00
-8.732466677261745414e-01
-1.000000000000000000e+00
-8.768243406616298419e-01
-1.000000000000000000e+00
1.000000000000000000e+00
9.502046344392448551e-01
-8.575819243256745938e-01
-1.000000000000000000e+00
-1.000000000000000000e+00
1.000000000000000000e+00
3.781570032952164540e-01
-5.199042705615186666e-01
-1.000000000000000000e+00
-8.573419654775245313e-02
-2.550770441092499174e-01
1.000000000000000000e+00
1.000000000000000000e+00
-9.974039159675566202e-01
1.000000000000000000e+00
1.000000000000000000e+00
1.000000000000000000e+00
1.000000000000000000e+00
