4.572441044928206022e-01
-8.824422834293312035e-02
-9.893986554677647316e-01
6.680687799040296859e-02
-8.401559404150069632e-01
5.972428989648574937e-01
-5.047959769038299349e-01
6.645770673185485977e-01
7.691639234086529164e-01
-1.951387963450543772e-01
6.942356021649815911e-01
4.425414140237694527e-01
-3.696940222546438726e-01
9.437332563971604360e-01
-8.114152950669093478e-01
8.465110116347717151e-01
-1.734298791350059599e-01
-3.146370858382310232e-01
7.440797309118989400e-01
-2.424421375683287749e-01
-7.525084234100811731e-01
2.266914681261866515e-01
5.826091566798805577e-01
1.527982661342419668e-02
-5.368841402009292274e-01
7.287835744273662986e-01
-8.116087281979421642e-01
-3.679977194376959915e-02
-2.819351864571606470e-03
-6.655835663685709669e-01
-7.869451966546210375e-01
6.483911459167126523e-01
-2.752397623129078652e-01
-1.765654888154496727e-01
-5.331417365612456383e-01
-6.215395869217976710e-01
-8.886809381270766028e-01
-4.326042863426917129e-01
7.330244401044400115e-01
-3.704935682795673646e-01
7.953008692109518885e-01
-5.663671237369253264e-01
-8.942722338697677714e-03
-6.275383119603306081e-01
-2.650668167145697751e-01
3.592965308032697314e-01
2.822337200141931957e-03
2.875825912895170755e-01
-4.149203575971969205e-01
2.197023275055411951e-01
8.707563689109076854e-01
-6.477951820157056284e-01
1.468389641834946246e-01
6.821673434030315342e-01
2.746602636546762177e-01
-3.149226084560657890e-02
3.957481588733505751e-01
5.097796184055934932e-01
-6.958514337353487456e-01
-8.562418760491610215e-01
-1.632445003085547519e-02
1.988661500406803673e-01
-1.024835740035809351e-02
6.123690165548909548e-01
8.653230593402462256e-01
6.976018960064961361e-02
-4.742220723345369482e-01
-6.066124169010820300e-01
4.739874138920291968e-01
4.378814360245401605e-01
3.366754380391239754e-01
2.173856834005283289e-01
2.740422157973499973e-01
6.621093857403368421e-01
-7.560403622952533986e-01
-4.347438639318788045e-01
4.058309478936317771e-01
-6.424314721173027820e-01
8.777570729069346100e-01
-2.807865594450309477e-01
3.348754571248015455e-01
2.258347130900729971e-01
-6.987768245908870801e-02
-2.558963785884229014e-01
3.559262578071201721e-01
-8.539163049686209206e-01
-7.590727737078786230e-01
-3.137994727435711173e-01
5.213187912713215244e-01
-2.665291907878331035e-01
-9.181942422434431483e-01
-3.673306586080860026e-01
-2.037310572976694378e-01
1.711880665736242868e-02
-1.605200753864310936e-01
-7.827954468917741604e-01
-8.108399209244383510e-01
7.590405892995384374e-01
1.000000000000000000e+00
9.524098742226331238e-01
-9.011537331157501995e-01
-6.472864141138272576e-01
-9.213173630078022036e-01
6.639106862066779247e-01
2.720956053757139226e-01
7.226298430740577539e-01
3.632829631735094433e-01
-9.144654124830408071e-01
6.030265885515301294e-01
-5.970177105992028332e-01
5.529506961962673550e-01
-8.079366390006827991e-01
1.273798900825715563e-01
-5.991373327693771955e-01
1.896878295074237997e-01
2.501498385068881558e-01
3.995296849423566332e-01
4.823023475277242733e-01
7.018743014061992191e-01
-3.239737053929235278e-01
-6.370996103230781582e-01
-6.011627280824893838e-01
9.938488651656746109e-01
8.245500772569921422e-01
-7.096903728039498371e-03
-7.946688888708866028e-01
-1.973591979985485911e-01
-5.077581029233649845e-01
-3.118420393468239737e-01
-2.668246260015934013e-01
6.777684036061071282e-01
-6.283636117315436476e-01
-9.016460867747961849e-01
-3.196742404509460567e-01
9.006354269402366830e-01
1.870375732133894575e-01
-6.620078337285368875e-01
9.777792509923497466e-01
-1.000000000000000000e+00
8.828951981562666029e-01
5.691594304247351577e-01
-6.963232878692289241e-01
2.753190140770505612e-01
-2.043229451180279543e-01
4.258978609984698793e-01
8.758145755024591139e-01
1.103190361799424035e-01
-4.003955742536769585e-02
2.107590087940298673e-01
7.242898474361516570e-01
-2.954660100746174245e-01
1.000000000000000000e+00
6.402644939603356899e-01
-1.202327474648519218e-01
3.000187804404907399e-01
1.690627222006357566e-01
4.280273324807892243e-01
-3.078919535518758188e-01
-1.502365777280145476e-01
4.651859166813823721e-02
-9.765983721731438250e-01
-2.895107096261410051e-01
7.236482517273692405e-01
2.099718856877611228e-01
6.020382640473315172e-01
6.447630383569047385e-01
8.706503960978586587e-01
2.300816786588706642e-01
-5.401627220194766821e-01
8.166755990329058745e-01
9.129357354679064063e-01
-1.919549011648520320e-01
5.913526839477809549e-01
3.796759391761552749e-01
1.059705860721753268e-01
2.867846887869345829e-01
-3.943432713953624047e-01
7.118401915183102391e-01
5.442544936081259443e-01
1.000000000000000000e+00
1.430881705450647023e-01
-5.314881771242239983e-02
-7.065361120209227019e-01
-1.595905122743767335e-01
4.297510184140285183e-02
-8.380038182970661609e-01
-1.631595612898228964e-02
1.000000000000000000e+00
4.488274378545561993e-02
8.642437045846225185e-01
1.000000000000000000e+00
9.601539527282857422e-01
9.833051659856737459e-01
-2.325907282548634325e-01
-7.217201928425626134e-01
-6.911144292096093045e-01
-7.042472325083581897e-01
-7.620277479717478819e-01
5.545935871634195546e-01
3.884071879838154606e-01
-9.304591050044680456e-01
1.655587342959769226e-01
5.604045530135834952e-01
7.635828384014480275e-01
5.919068171760261121e-01
-6.764578052961486287e-01
7.421302604986643736e-01
-7.682137333489469366e-02
-6.610413001377610787e-01
6.327973012486675097e-01
-4.102186150045891155e-01
-9.610834330368679401e-01
8.697780894147331132e-01
7.230408850604488347e-01
-4.345600226693904777e-03
-5.774355542360439797e-01
5.272357019586120241e-01
-2.120152904504133129e-01
-1.566764357876559710e-01
-3.840544985858603266e-01
-6.569264945965773705e-01
-8.760489815197279873e-01
4.046436755028826049e-01
6.148065658942653000e-01
-8.415029516865309978e-01
3.821576756926057250e-01
-8.130964823201251024e-01
4.058352939304818996e-01
-7.650178542235638868e-02
2.086122325163586866e-01
-2.159283224179962546e-01
5.971706222125304775e-01
-9.780027318154498328e-01
9.045044926038172672e-01
-1.631240995380327241e-02
-5.718970106198739689e-01
-1.000000000000000000e+00
8.320498557093458647e-01
-3.580075317147362046e-01
3.739808617455346873e-01
-2.633578431897113381e-01
-1.000000000000000000e+00
5.846228290344249734e-01
6.959640888763130029e-01
-4.440236900574257017e-01
6.771053658861422297e-01
3.764056230886223542e-01
6.480270357716869656e-01
3.996287259364608158e-01
-1.834243903769639805e-01
-6.695585343856186311e-01
-4.974961311802414965e-01
9.474104294618508337e-01
-6.348281617471748794e-02
-6.615206526648061969e-01
-4.512500200774711701e-01
-6.105243116809562220e-01
-8.003437595842014529e-01
2.018535051303080585e-01
-2.108997406390429596e-03
-6.163042060493849617e-01
3.979549350729135737e-01
-6.829885142659744002e-01
-4.253096417474355184e-01
6.417900614481133470e-01
