1.490880556945572422e-01
-3.827326033099673341e-01
3.446127098243273457e-01
2.252393444822200497e-01
-5.265357671937280770e-01
-1.777808267564474076e-01
3.919911583362521434e-01
-2.254043394549923307e-01
7.836216665273312287e-01
8.969711499321766368e-01
-9.180846037708720875e-01
-9.276746751050088391e-02
-3.408684758760446298e-01
-6.814736927176034964e-01
4.939732767531694324e-01
6.708403124144590723e-01
-2.839541710232769134e-01
1.398819756250707647e-01
9.011749945670283202e-02
7.753276233165546927e-01
9.635661629517418003e-01
3.285646301160545235e-01
4.900860794728720271e-02
-4.940972529007006120e-01
4.950208851491300632e-01
7.390502922510322481e-01
-6.801271617947225456e-01
4.896898340023239093e-01
-6.732429487286408776e-01
-1.000000000000000000e+00
8.424166738232485852e-02
-7.891181919792522592e-02
7.551314383557610199e-01
-6.087295408779760386e-01
7.841692736622756232e-01
4.152889688955399006e-01
-8.837330255630915232e-01
-5.423233340443258665e-01
-2.998652248411945997e-01
7.987219202109270277e-01
-5.840629398321609544e-01
3.457221515915039067e-02
-7.183883710550966750e-01
-1.000000000000000000e+00
-4.815909131048190517e-01
7.439958320824140436e-01
7.857778457910502556e-01
-5.969463558168555117e-01
-9.516192789383189909e-01
6.351220480908374988e-01
2.761328326213743911e-01
9.695943610151657177e-01
2.101421194879722065e-01
1.430118559781628773e-01
2.096950651416628619e-01
3.887725230182125236e-01
-8.391556494526792864e-01
-9.833689053133741753e-01
3.384429473776537911e-01
-5.645994764667152666e-01
-3.362074837008086625e-01
-2.935214197276256320e-01
-3.148400500276350988e-01
-9.985149468068336143e-01
1.381289721918020630e-02
-1.498318830074469032e-01
-1.662266241071455319e-01
-4.863594873303195287e-02
1.112232751617809323e-01
-5.492064360190848094e-01
-6.518972293739248025e-01
-7.072325685011022767e-01
2.685640811300309405e-01
-4.050971862077619168e-01
6.331266109889679417e-01
1.493023175878487319e-01
9.773518533812257658e-01
-3.596742542626857886e-01
-3.209589690402790962e-01
-8.969868062451549218e-01
1.455267505883779400e-01
-6.436522902077761454e-01
2.590719464029879460e-02
-3.233765791776909149e-01
8.158891264997079062e-01
-7.663412987584835578e-01
3.721688682169232987e-02
2.864173138349009884e-01
-3.602841691051206774e-01
-9.197305178448546004e-01
-4.075002088460181748e-01
-8.500009999531581428e-01
3.970432517890473134e-01
-1.000000000000000000e+00
-7.754380159514686621e-01
-8.137002177033956229e-01
6.227783796323917986e-01
1.000000000000000000e+00
-3.307158112094977231e-01
-5.653240429229973163e-01
-7.997278903681326323e-01
2.876514074331295578e-01
6.822031551048115539e-01
5.934409158899502934e-01
-6.300125892925007021e-01
-7.657574210807309711e-01
1.000000000000000000e+00
-2.741831328884019592e-01
8.117613736950011205e-01
7.263203683479069195e-01
-1.808446843758239053e-01
-4.501581760119501840e-01
-6.420862620833864831e-01
-6.080762707002391743e-01
-9.002025437184367762e-01
7.820044957822686049e-01
9.344525651521535803e-01
2.086573075479601913e-01
-4.980936304392987735e-01
-1.883913599848983655e-01
6.065488102945520987e-03
7.884959724045795815e-01
9.871030375338583074e-01
-9.238471567231432147e-01
3.445981868338798271e-01
8.484128617430327646e-01
1.676025701927864042e-01
-5.681440641858966911e-01
-1.540519062715314802e-01
6.148943692607072853e-01
5.236263096518682936e-01
2.138856593041149612e-01
-2.255013519061730420e-01
-8.063463727667170566e-01
9.987711382254220727e-01
5.964477663068016300e-01
1.230219447653836118e-01
-9.769925586494447867e-01
2.676891912880985380e-01
2.031605343923152118e-01
4.549807918396904238e-01
-3.831707003932788291e-02
1.524339247128903008e-01
5.637960685840001096e-01
-7.058579279701474030e-02
-4.758943215870945487e-01
3.667918258290390199e-01
-9.196168851593276017e-01
4.299901955640526019e-01
-3.830769031277176939e-01
1.000000000000000000e+00
5.340193370174515231e-01
9.679480786710366047e-01
3.435343234196085449e-01
7.612159033980135936e-01
-6.667313216199597381e-01
6.218935081262173536e-01
4.006397471867513826e-01
1.630222523026527981e-01
7.163141234736091212e-01
-5.537259546481357320e-02
1.045080545181916246e-02
-7.279626086614973124e-01
-3.346736848056386382e-01
6.065933671300358654e-01
-7.506332016807857332e-01
6.064918541592301260e-02
-5.124217929143654038e-01
-5.489400248874063415e-01
-4.615022698105387677e-01
2.192961275537184673e-01
6.525323139576746367e-01
-1.055854777494701774e-01
-9.658300906007966091e-01
-2.796066904207950565e-01
5.096140409073861982e-02
3.813473827712898778e-01
-9.820694358492441101e-01
-8.235239067279780389e-01
7.685466747250166986e-01
-4.091071269577135627e-01
-5.277179547038657326e-01
-2.450883956829856269e-01
7.289076090891415394e-01
-9.457465617641198641e-01
-8.905931882447264414e-01
5.843059444596364616e-01
-9.149864438504797803e-01
7.755094694071769101e-01
8.062752475439805000e-01
-4.940838581233121807e-01
-6.665446195577584554e-01
4.039846157944706473e-01
-6.837495532175574819e-01
-3.773841527162513643e-01
-3.538061535332601704e-01
-5.015525240225848780e-01
-5.128067341771300747e-01
-2.372238614382107258e-01
9.171281596687457238e-01
4.354021524649416275e-01
1.611506597324368073e-01
9.981607837369611547e-01
7.368872776555561721e-01
-5.558877324804817333e-01
2.999267240653783473e-01
-3.667488590950722660e-01
4.162405605030182199e-01
4.469724204292356284e-01
-1.709772502665546368e-01
1.576717908203981722e-01
8.459136106681877099e-01
-7.763214181454070051e-01
8.348736501559619327e-01
9.096456417638459913e-01
3.569306311916335683e-02
3.834555040966445283e-01
-3.116837819314788316e-01
1.047705818986681692e-01
-3.808340229148605149e-01
-9.173075137457027406e-01
1.000000000000000000e+00
-7.823819988644631351e-01
-7.706651576464280673e-01
-1.847236498357431311e-01
-4.838678475243867183e-01
3.220709835439398705e-01
-2.490726518064018402e-01
5.528860391029802868e-01
1.000000000000000000e+00
2.087389358798838745e-01
1.000000000000000000e+00
-9.173172897971151318e-01
1.677840059922575122e-01
2.456190869328516158e-01
6.415231251433949344e-01
-1.894936863620604317e-01
7.014932393814210521e-01
1.698993135710296642e-01
-7.935853143272699750e-01
1.498264505787404721e-01
-7.535865213234200777e-01
-5.845732476528771038e-01
-9.231700599662829854e-01
8.926816488321565046e-01
-1.249346291066306125e-01
-2.500160058137209651e-01
-8.807546475091747595e-01
6.276490848397833222e-01
-7.772554735104224566e-01
4.303514879486918243e-01
8.984396393611646658e-01
-5.540842686977800469e-01
8.404241162170996704e-01
-5.508176863715070759e-01
2.809543524752353694e-01
5.843839848052265751e-01
-7.475201601659995365e-01
2.661036638076612615e-01
-1.000000000000000000e+00
-3.345948683412030555e-01
-4.116990414171981527e-01
8.456081725761608325e-01
-6.745482292336048014e-01
-3.272434199986415937e-01
