-1.000000000000000000e+00
-1.000000000000000000e+00
-6.822650235353668879e-01
1.000000000000000000e+00
-1.000000000000000000e+00
1.000000000000000000e+00
-5.687355887535346932e-01
-2.247322285086317817e-01
-1.000000000000000000e+00
-1.000000000000000000e+00
1.240037957937664831e-01
1.000000000000000000e+00
-3.117343920092480181e-01
-7.188569051269865229e-01
-1.000000000000000000e+00
-1.000000000000000000e+00
-1.000000000000000000e+00
-1.000000000000000000e+00
-7.398731122103260338e-01
1.000000000000000000e+00
-3.291472635409786185e-01
1.000000000000000000e+00
1.000000000000000000e+00
-1.000000000000000000e+00
-2.232336556884742182e-02
-1.000000000000000000e+00
1.000000000000000000e+00
-6.860931491804013183e-01
3.051153731087022924e-01
-1.000000000000000000e+00
1.000000000000000000e+00
1.000000000000000000e+00
1.000000000000000000e+00
-1.000000000000000000e+00
1.000000000000000000e+00
1.399383193524488811e-01
-9.229359561624483899e-01
-6.154576957251624014e-01
-1.000000000000000000e+00
1.000000000000000000e+00
1.000000000000000000e+00
-1.000000000000000000e+00
-9.293387538011234350e-02
7.720993704804574032e-01
-2.766534008647532072e-01
-1.000000000000000000e+00
-2.505896000386889644e-01
-1.000000000000000000e+00
-1.000000000000000000e+00
1.000000000000000000e+00
-8.946688822856656564e-01
-1.000000000000000000e+00
6.206264735321417314e-01
2.891799303881762429e-01
1.000000000000000000e+00
6.266304572249848936e-01
1.000000000000000000e+00
5.078079490944740204e-01
1.000000000000000000e+00
-1.000000000000000000e+00
7.923089597189356681e-01
9.542139683102057734e-01
2.330428732449122686e-01
-1.000000000000000000e+00
2.029606199232632247e-01
-7.486078054796231340e-01
1.000000000000000000e+00
-1.000000000000000000e+00
1.896517837792529027e-01
6.564381918734601973e-02
1.000000000000000000e+00
5.011059839703865260e-01
-3.627384053219514376e-02
1.000000000000000000e+00
1.000000000000000000e+00
-9.008103847170419176e-02
-1.000000000000000000e+00
-4.469989726676452668e-01
-1.000000000000000000e+00
-6.517581993048883193e-01
-9.712101744379911805e-01
-9.200463604488492431e-01
-1.000000000000000000e+00
4.904574669831278100e-01
1.000000000000000000e+00
2.748723017417746273e-01
1.000000000000000000e+00
6.633445293955401167e-01
-1.000000000000000000e+00
1.000000000000000000e+00
-1.000000000000000000e+00
-1.000000000000000000e+00
1.000000000000000000e+00
-1.000000000000000000e+00
-1.000000000000000000e+00
1.000000000000000000e+00
-1.000000000000000000e+00
1.711527477477935155e-01
-1.000000000000000000e+00
-1.000000000000000000e+00
1.000000000000000000e+00
-1.000000000000000000e+00
-1.000000000000000000e+00
-1.000000000000000000e+00
-1.000000000000000000e+00
1.000000000000000000e+00
-1.000000000000000000e+00
1.000000000000000000e+00
-1.000000000000000000e+00
4.500183562447150343e-01
-9.915501676676541365e-01
-1.000000000000000000e+00
6.221588497137349183e-01
-5.441383971463086278e-01
-1.000000000000000000e+00
-1.000000000000000000e+00
-2.285534701284314130e-01
1.000000000000000000e+00
-1.000000000000000000e+00
1.934756620332160337e-01
-5.799984861921553270e-01
1.000000000000000000e+00
-4.081834338740865653e-01
4.932626311933538954e-01
-1.000000000000000000e+00
-1.000000000000000000e+00
-2.631210830166187953e-01
6.647371666054628647e-02
-1.000000000000000000e+00
-1.000000000000000000e+00
-1.000000000000000000e+00
-1.000000000000000000e+00
-8.499240818313691381e-01
9.379369929474571377e-01
1.000000000000000000e+00
9.574043314904766566e-01
4.923923208365135196e-01
-1.000000000000000000e+00
1.000000000000000000e+00
-1.000000000000000000e+00
1.000000000000000000e+00
1.000000000000000000e+00
1.000000000000000000e+00
1.000000000000000000e+00
6.081688112921408429e-01
-4.483810503706336381e-01
-1.045194895593413165e-01
1.000000000000000000e+00
-1.982763219895493367e-01
-8.259790524917901555e-01
-3.838981493014595459e-02
-1.000000000000000000e+00
-1.000000000000000000e+00
-8.873249148020248001e-01
-1.000000000000000000e+00
1.000000000000000000e+00
-6.924691768292259297e-01
1.000000000000000000e+00
-1.000000000000000000e+00
7.583606393387980482e-01
-8.688060298805948545e-01
9.765185613677913878e-02
2.178093650362502576e-01
-4.973054792830605142e-01
-1.000000000000000000e+00
-9.544578014713999137e-01
1.000000000000000000e+00
1.000000000000000000e+00
8.013639351200993119e-03
9.852289879189893851e-01
-9.172627663185777269e-01
-9.162115691914055615e-01
1.000000000000000000e+00
-1.000000000000000000e+00
1.000000000000000000e+00
1.000000000000000000e+00
-1.236886899414982866e-01
-1.000000000000000000e+00
-1.000000000000000000e+00
1.000000000000000000e+00
-1.000000000000000000e+00
-1.000000000000000000e+00
1.000000000000000000e+00
-1.000000000000000000e+00
-7.676997051988596610e-01
-1.000000000000000000e+00
1.000000000000000000e+00
-1.000000000000000000e+00
9.116729521668819336e-01
-1.000000000000000000e+00
-1.000000000000000000e+00
1.562401723099122730e-01
-1.000000000000000000e+00
-6.490509944856189817e-01
1.000000000000000000e+00
1.000000000000000000e+00
5.112574437431842700e-01
1.000000000000000000e+00
1.000000000000000000e+00
7.136989601824360319e-02
1.000000000000000000e+00
-1.000000000000000000e+00
-1.000000000000000000e+00
-1.211501309406357169e-01
-1.000000000000000000e+00
1.792581093340364917e-01
-1.000000000000000000e+00
-5.809991852184533956e-01
1.000000000000000000e+00
-1.000000000000000000e+00
1.000000000000000000e+00
-1.642421830720042497e-01
8.052952346107231651e-01
1.000000000000000000e+00
1.834873393501320893e-01
1.000000000000000000e+00
6.953786214812275324e-01
1.000000000000000000e+00
3.115599226083619055e-01
-1.056828029002779418e-01
1.000000000000000000e+00
-2.942705173104225858e-01
2.418606801424190433e-01
1.000000000000000000e+00
1.000000000000000000e+00
-1.000000000000000000e+00
-1.000000000000000000e+00
-7.235685503542185204e-01
6.565550844662809693e-01
-9.372435456537110340e-03
-1.000000000000000000e+00
-1.000000000000000000e+00
-5.762034312658047552e-01
-7.458017890542996131e-01
3.258599748159980991e-01
-8.338433780820696251e-02
1.855912355076718145e-01
-5.886482194757243214e-01
-5.863585910254712763e-01
-1.000000000000000000e+00
-1.000000000000000000e+00
-1.000000000000000000e+00
-1.000000000000000000e+00
1.000000000000000000e+00
-6.898468907579058396e-01
-1.000000000000000000e+00
1.000000000000000000e+00
-2.922679214045477147e-01
7.866744102741168865e-01
-9.531592593894413490e-01
-1.000000000000000000e+00
1.000000000000000000e+00
1.000000000000000000e+00
-3.369301337991965628e-01
-7.378821894881226751e-02
-1.000000000000000000e+00
1.000000000000000000e+00
1.000000000000000000e+00
-9.249669941515262228e-02
1.000000000000000000e+00
1.000000000000000000e+00
-1.000000000000000000e+00
-5.081126862143980905e-01
-1.000000000000000000e+00
1.763245698412786167e-01
