5.301190450142276855e-01
-4.290185679351036785e-01
-6.938419941079669861e-01
5.474453396750484924e-01
-1.000000000000000000e+00
-4.368305536193015093e-02
4.706636815566875298e-01
4.290729861648817645e-01
-7.126051421263714103e-02
-5.963643380341063782e-01
9.740238065045879745e-01
2.570876551902316898e-01
-6.046964489472563820e-01
7.151885844124190594e-01
2.607490451911433360e-01
7.339547123274572371e-01
4.208733084165542926e-01
-6.702050081340531484e-01
-1.600805023386560055e-01
-2.383922019198351783e-01
-3.727603490402751629e-01
-9.223104679938266548e-01
9.651333659429645051e-01
5.574926232122011382e-02
2.684774844338504163e-02
-5.606952030985798974e-01
-7.364161534788047359e-01
1.734114208558008852e-02
-1.000000000000000000e+00
1.000000000000000000e+00
-5.475001449772733952e-01
-8.820752524847413900e-02
9.763326071109668103e-01
-9.047287834879673696e-01
9.860265137748457365e-01
2.876514623328625397e-01
5.029732105260635855e-01
6.491758634940492101e-01
-4.463199869745384518e-01
-5.591809810655764545e-01
-4.744237467421570931e-01
-6.905131454248035761e-01
1.594797946338304406e-01
3.378560562699499670e-01
5.164299755615497922e-01
6.264452803456186381e-01
-7.646490815474112079e-02
2.559436484738492057e-01
5.704608287525102517e-01
-2.266597575989602043e-01
-9.113280334010497308e-01
-5.210353216614350691e-01
9.976756898821070862e-02
7.447345823856044156e-01
1.000000000000000000e+00
-6.094492207712790544e-01
-9.396146765444635118e-01
-8.646147161725412644e-01
4.658521145704586641e-01
5.131015825801095442e-02
7.474328446339384424e-01
-2.596157295559824441e-01
-8.912304972689433225e-01
4.407456299001269451e-02
5.396229601333473180e-01
-3.153212472097292052e-01
-5.052537257545960392e-01
-7.764200133547722871e-01
-7.843390237174626689e-01
4.733988499269737860e-01
-7.330554887707867451e-01
-5.322927317605234965e-01
-3.837637283843714497e-01
-2.837416251124320610e-01
2.833722967916497137e-01
-8.939660327371743431e-01
2.424244266960357275e-01
-9.898178762021963006e-01
-3.338645989247194246e-01
-5.198827748625387546e-01
6.881294823248292891e-01
-7.737487637097968385e-01
8.113921017668910274e-01
-9.694545790471388313e-01
7.777034848424579927e-01
4.783149190027171649e-01
-5.831535802730520857e-01
5.771091941415473769e-01
-6.684401541008391789e-02
-2.490461223781325617e-01
8.374384336404985252e-01
-6.333380729258446529e-01
1.000000000000000000e+00
4.290323222165604578e-01
2.027366141169275604e-01
-4.823243029154317685e-01
4.997902035438003820e-01
-7.888613360238863059e-01
-3.065909113220567361e-01
-1.675839746250569751e-01
-1.741671141170053616e-02
2.135160252608728493e-01
-3.481750650169985750e-01
8.184088005342498029e-01
6.555574314163126193e-01
-7.354984542950747384e-02
-1.481696634528340550e-01
-9.514167189514599610e-01
6.847594295599615521e-02
-4.824459528413471698e-01
-9.004829945345846909e-01
-6.495463612282934562e-01
-1.000000000000000000e+00
6.979297250447581424e-01
-9.442047096333677780e-01
-2.029462537628097252e-01
-4.413706803119293864e-01
5.936546426077505823e-01
9.897057932092090393e-01
1.338506142215684924e-01
-4.730293724550751477e-01
-9.952057695821689975e-01
-5.133717338370762384e-01
9.605905643847122422e-01
5.375085138099033877e-01
6.754040899747303373e-01
-5.075605576054581514e-02
-8.933952051249820503e-01
4.968685098625741370e-01
9.187102064860817041e-01
-9.176229300803351308e-01
3.807795879896693769e-01
7.903553403270414668e-01
-9.317837648457388822e-01
8.798105256655565087e-01
3.191735875701900982e-01
3.094741385147038448e-01
7.539515270532936020e-01
-3.203057959284026923e-01
6.879295678717621820e-01
6.032936932505469363e-01
7.175484023199486527e-01
6.650715967150322427e-01
-3.979496237806967596e-01
-9.126161137147222879e-01
-4.483575523850727440e-01
-2.521026410196402501e-01
-1.592273748808661349e-01
-9.283152927156163026e-02
2.039966091619829780e-01
1.798483566924491406e-02
-6.625567472249849210e-01
5.776893275319534560e-01
5.479214749494543124e-01
9.856838979458453220e-01
-4.994028492170022870e-01
3.406544884581829136e-01
-3.222688735373786528e-01
1.936530810642238531e-01
-3.818275252935230402e-01
1.144216325079383395e-01
4.846568416281795688e-01
-9.397823915939396144e-01
-3.782570854153348705e-01
-7.296966160198303797e-01
-1.459888057535508321e-01
-8.504793267554371372e-01
3.396819840816698299e-01
-1.195049447257931635e-01
-2.959285928588636927e-01
6.622730688072818728e-01
-3.379768925112068834e-01
9.016865173981446491e-01
7.417571442035825191e-01
1.448330654449739574e-01
6.464749637330203802e-01
-9.546759775807192594e-02
-4.831623149324227318e-01
-1.941581424506381159e-01
4.682076086739645482e-01
-3.684591668195095204e-01
-6.417898468456797456e-01
-7.213383113439676420e-01
-1.000000000000000000e+00
4.376318799656528924e-01
5.932226126471371597e-01
-1.498324344128849350e-01
7.329347167402040508e-01
5.478578150514011869e-01
-1.000000000000000000e+00
1.000000000000000000e+00
4.753328282385290704e-01
-4.458839365616829586e-01
-1.714860364979626239e-01
-2.495483180862144434e-01
1.236626527968875955e-01
-8.213995219398735614e-02
-6.180025860808314730e-01
6.207112254733063716e-01
3.143775924415638245e-01
2.587052618538545623e-01
-3.587538178114296206e-01
3.001743114862132078e-01
3.396066304223035459e-01
3.660750732072085567e-01
-9.632245989262575581e-01
1.616272112914564629e-01
-3.156734895231407267e-01
-3.892694840337451723e-01
3.614878192462718243e-01
-8.283585218389127869e-01
7.019365917643883845e-01
1.700300287866118865e-02
6.897317297371319267e-01
1.000000000000000000e+00
3.936575404223131014e-01
2.764459350012319350e-01
-4.772482715470152126e-01
-6.148186984709627101e-01
-4.915151496133914055e-02
-5.180149652633166957e-01
3.081499567763343328e-02
-2.510380807575146589e-01
-7.998845877302426799e-02
2.260936374145574301e-01
8.956355611548236784e-01
3.406171160564463452e-01
-1.916348908913421412e-01
5.948394499398792501e-01
6.813889886813502272e-01
-3.898525073546837416e-01
-1.763457339448019912e-01
3.889074956358491431e-01
1.466150520764981091e-01
2.288853997930282991e-01
-1.785668052752851231e-01
6.543375306183545348e-01
7.839647926917825416e-01
-2.865595797785370769e-01
-9.620841205358654502e-01
-8.591395552725781259e-01
-2.583811044499196852e-01
-6.274755430658846000e-01
2.262640764146331418e-01
5.437504408982811732e-01
-2.809572728471650960e-01
5.932273328613275887e-02
-9.657068022053389988e-01
-6.767625891586376286e-01
5.320762811061670039e-01
3.805478222605629401e-01
-5.314436533360028525e-02
-2.405106679669841707e-01
-8.465918647527146401e-01
-1.079360931309865934e-01
-5.419904645992845715e-01
-8.390558132753140885e-01
-6.453791238448811640e-01
-1.931672802966886288e-02
-7.860587697413385921e-01
-8.261848516533797371e-01
-7.564462079936563610e-01
9.094705803184863213e-02
5.988929309489732233e-01
-7.458294455036685866e-01
