-5.467207207546055381e-01
4.000616292364068682e-01
8.171019172662365992e-01
5.133718405926001038e-01
2.678096490992258882e-01
1.057428282337490311e-01
9.852946117753603739e-01
-6.451703213676925897e-01
-6.962319331935934441e-01
-9.675431255860603708e-01
-6.276252753707058929e-01
-9.879306977296498093e-01
4.582618765906767422e-01
-2.018243231298450791e-01
3.156425113858077891e-01
3.380248440294449375e-01
-3.263744429110267409e-01
1.000000000000000000e+00
6.180277057225407322e-01
-9.857454564822277776e-01
7.964771747609630803e-02
-4.170455608577457451e-01
1.447765438651492931e-01
-1.000000000000000000e+00
-7.545935551021946130e-01
-8.229849282047005943e-01
-6.310306768465683003e-02
2.688712122088529610e-01
-9.456203834624552496e-01
-2.262079987889712152e-01
-8.430493613332642466e-01
1.922258898529929372e-01
2.344206139568751346e-01
-6.665370319102735808e-01
-3.886207205077754079e-01
-8.534525633633534003e-01
1.654488537535992732e-01
7.302707319750378900e-01
-9.580058274432733390e-01
-3.850122133381556067e-01
8.319368975299828994e-02
5.533945041883699817e-02
-4.343919793125541329e-01
8.834204167194792401e-01
-2.477584231735163178e-01
9.790348556229218069e-01
-1.515734049033909403e-01
-2.953323536358953838e-01
6.669510284287326618e-01
-9.332273894606430975e-01
-7.591401068718064415e-01
-1.697620285459539580e-01
4.755324015768861989e-01
-1.910052682799250612e-01
-2.745745232389631418e-01
1.566301261335458633e-02
4.619422703607367064e-01
-1.000000000000000000e+00
-3.960787371838045967e-01
4.991613360545561484e-01
4.091028269689935826e-01
-5.226455958586008199e-01
-7.204677280202063105e-01
-7.714924728216648875e-01
1.000000000000000000e+00
-3.904641512443957074e-02
1.000000000000000000e+00
1.479535765180132190e-01
-3.023866657195081742e-01
-1.248964985159173868e-01
6.367607054885155993e-01
-4.388073709011138801e-01
-3.359415254274483731e-01
-2.828442161033406510e-01
2.960234215905223343e-02
-2.848365715653527475e-01
-2.368682070284724162e-01
-1.000000000000000000e+00
-7.663975241046075970e-01
2.503606174200287415e-02
2.006702443183009388e-01
-2.431760456372081269e-01
-1.000000000000000000e+00
3.914481143948576602e-01
4.940315490122969555e-01
1.000000000000000000e+00
6.369304325718333493e-01
4.288059307882814419e-01
7.470427164626216587e-01
4.413037050763831681e-01
-6.520711334663035208e-01
8.540866009550940330e-01
1.000000000000000000e+00
-2.625657383124126998e-01
-2.780749177290364749e-01
4.937282937192107313e-01
1.208872138274990071e-01
5.593061116094865115e-01
3.257614973057486596e-01
-1.700321254440279040e-01
1.000000000000000000e+00
8.887809568413145289e-01
-9.771566765735189009e-01
9.022935576043444872e-01
4.457200195234857776e-01
-7.431203910886972908e-02
-9.486782292499639224e-01
1.000000000000000000e+00
-9.401032246476354048e-01
-6.391456128884589472e-01
-6.494594485966513897e-01
-9.250549730992263520e-03
-7.185420784773016711e-02
2.732890581793080975e-01
1.232114109840800747e-01
-7.768384153029240791e-01
-6.861861551876319298e-01
9.113653739190713532e-02
-7.099508731078785218e-03
-9.999337881462272426e-01
3.193314939950665510e-01
3.801319956155817525e-01
9.992514787614732441e-01
-9.699882990296586627e-01
7.309560347674960434e-01
-4.771639353629843483e-01
-1.490522982227375781e-01
9.090373130671418611e-01
-6.212411999913311500e-02
7.609592648033592921e-01
-6.479466700682352531e-01
-1.000000000000000000e+00
-2.401160661220901604e-01
-3.354188516201377923e-01
7.459044909529197187e-02
-2.036081921043270959e-01
-9.436138340827271431e-01
-3.159422038393754906e-01
-4.283255673461504598e-01
-9.613523044420538843e-01
-2.863880076295370891e-01
4.464104443182742021e-01
-9.956435747167917683e-01
1.321171205554332873e-01
3.665293366401271569e-01
-3.844092088839615173e-01
2.735268898795296666e-01
-5.410873482465466955e-02
2.805287729664811547e-01
-6.187002497170275284e-01
9.264624070410928391e-01
1.000000000000000000e+00
-1.273433854045780411e-01
2.811168620318077460e-01
2.579062914261883166e-01
1.192200193884206533e-01
-1.000000000000000000e+00
-1.000000000000000000e+00
-1.000000000000000000e+00
-2.634200643545646092e-01
-1.000000000000000000e+00
2.078131952474048250e-01
5.272771782677055930e-01
6.705010188659782377e-01
7.283220705407976447e-02
-5.151358342937045753e-01
-4.035203238689341609e-01
3.517366481507156473e-01
9.352836185030668492e-01
4.119520932777742672e-01
2.071439596009931883e-01
-5.233616138704554333e-01
4.167562309045708124e-01
-1.000000000000000000e+00
-2.041237828723998504e-01
-5.629604990986780688e-01
9.980222957717761467e-01
-8.759895930121024410e-01
2.661276550012501851e-01
-2.997062386353783747e-01
8.082173139312635035e-01
-3.657986738015854833e-01
-9.684646613309153551e-01
9.944268848898070168e-01
-4.765743764581176212e-01
5.225459506321530334e-01
-4.487325223218512349e-01
2.019419428850767195e-01
-8.349089915363412384e-01
3.284765004473531591e-01
3.630737365906880343e-01
-7.339060851337860791e-01
5.013808098688401493e-01
7.251942143040749356e-01
-8.485687466509317378e-01
-5.601566989469346503e-01
7.090669403050597897e-01
3.733054985495583011e-01
-3.165375573527860475e-01
1.675984206584363312e-01
4.913330692680220046e-01
-3.601225088628071669e-01
-6.222110532422103768e-01
-2.098043533526721405e-01
4.547490997027130999e-01
-8.076385005297097575e-01
7.566807441519443067e-01
-4.820008246020455189e-01
9.721446612429376355e-01
5.028806584713982897e-01
-1.372379131321506407e-01
2.692179722909033845e-01
2.483954897852606591e-01
8.986793523601585010e-01
-7.896675754579594864e-02
-1.000000000000000000e+00
-8.253519825478614624e-01
-4.223121184780099791e-01
-2.278634921647204603e-01
-2.402614040763235148e-01
8.786169457315193831e-01
-2.006532144281348296e-01
-2.016351485070503879e-01
-5.182713630375925806e-01
7.232537874440567727e-01
1.910835439833680205e-01
5.559595237458192507e-01
-1.596218927021376965e-01
1.000000000000000000e+00
3.206163530459386624e-01
-6.955886773134057899e-01
-5.455325301957778678e-02
7.215933269927690130e-01
8.872311067349059055e-01
6.639042768331603339e-01
9.907618512767404351e-01
-1.725113143878525268e-01
5.952219034250858520e-01
8.160683221810141053e-01
6.895885109775669042e-01
3.968063988405998721e-01
-3.555142626094602853e-01
-3.310566219026726542e-01
-4.711922588100657117e-01
-8.203148056815720013e-01
-2.996263461697363240e-01
-1.649589366499415455e-02
9.775439119469870874e-01
-9.374848680545097568e-02
-4.116064815692221934e-01
-9.028335581725548398e-01
-8.803845385568034310e-01
8.780899054339519338e-01
-8.453634951497945860e-01
-9.255550470770069760e-01
-6.773606604076934379e-02
-4.249071629507540915e-01
-7.878305725520960978e-01
2.859846147591219023e-01
-3.765949945688691347e-01
9.467459084009821613e-01
-4.077988282168362733e-01
-1.000000000000000000e+00
5.491600141584819517e-02
-2.915318241115514297e-01
