-4.861142904981269885e-01
-1.000000000000000000e+00
3.487936431662284620e-01
5.336178854093621693e-01
-8.842021314961018286e-01
3.044362300796319420e-01
-4.396256646746227736e-01
6.107218421452715873e-01
-1.212082244974050649e-01
-9.929364305126332502e-01
-1.000000000000000000e+00
-1.000000000000000000e+00
-8.514154525103284632e-01
5.099015176327746923e-01
-6.079845675576049935e-01
-3.740512666550637744e-01
5.593627886850554010e-01
-1.327605180633772974e-01
3.057508374678042373e-01
8.421640980803833942e-01
1.000000000000000000e+00
-8.740993323381389679e-01
9.707746641043765168e-01
-2.655751133611753412e-01
-1.311243209876720994e-01
8.640692393295986706e-01
6.810448312883716770e-01
2.165361313044571745e-01
-6.373206080509153347e-03
-7.935699799555502310e-01
-7.650493272833159830e-01
-1.462497529011028141e-02
-1.755331076492384068e-01
-4.268945821789817963e-01
2.387894103929506795e-01
-4.361917960287598484e-01
6.734650874151577593e-01
-2.847166629159344486e-01
-1.487380347030407279e-01
-6.342598998483252037e-01
3.157831705626826801e-01
-8.473126339895320491e-02
9.423695943610987946e-01
-2.070607397256852764e-02
1.000000000000000000e+00
-9.352700788134428178e-01
-7.116867599390639398e-01
6.629403347244852140e-01
-7.946110197070772596e-01
9.854020350023865449e-01
2.246932514190654595e-01
2.452747005738621644e-01
1.738358631072232929e-01
-3.418210664618659966e-01
-2.560324509070375787e-01
9.996784904459387056e-01
4.041875789714481360e-01
-1.301614081297753148e-02
4.952981723193175534e-01
-8.110662711879302877e-01
2.921526518465343836e-01
-2.760573772515531044e-01
-4.060378797086052205e-01
-1.264612651013529987e-01
7.090660008793406854e-01
-9.778099461204827758e-01
-9.521071795488109113e-02
7.839797136237548758e-02
-4.325841287490647669e-01
3.305732354127167150e-01
-1.000000000000000000e+00
-4.568953254768005207e-02
2.944699209731465039e-01
6.224716256301234679e-02
-1.098994577005705103e-01
2.734084972206116126e-01
1.000000000000000000e+00
8.970059060640322990e-01
5.887330317517508460e-01
-1.000000000000000000e+00
9.080483153845068101e-01
-1.971008275879670146e-01
-1.000000000000000000e+00
3.921715007760050442e-01
-8.213307803259340956e-01
-9.577795616530228040e-01
-6.162898087452947093e-01
1.204364275363589004e-01
-8.412904268103373884e-01
6.014650990717623769e-01
4.488139316759225950e-01
4.008622193395200428e-01
-9.762594465468285021e-01
2.437842254327016456e-01
1.000000000000000000e+00
1.000000000000000000e+00
9.016489587824577656e-01
8.009437729805795048e-01
-4.855219299231142149e-01
5.151911261369327422e-01
9.777574137525052445e-01
8.126967915837861600e-01
-7.355371652627855361e-02
-2.398240911472222237e-01
-6.367506999663311573e-01
9.242632629292225899e-02
1.816752776011582721e-02
7.524333916962607782e-01
9.923009000397192692e-01
9.395938107363689396e-01
8.719246405823086188e-02
-9.416888583985919547e-01
-2.297745016081833569e-01
1.168862292540427672e-01
-5.887818577207477172e-02
-4.338474443235619260e-01
-3.157766779685768910e-01
4.601292866547886384e-01
6.082396677525135908e-01
-2.937420419830500395e-01
1.000000000000000000e+00
-7.912815658113969697e-01
-2.116376540656225713e-01
-3.134343103141134512e-01
1.967803214949891688e-01
1.042278225431357702e-01
-3.169074196622152506e-01
2.525256873849378025e-01
6.378230013020795841e-01
1.870482667834411084e-01
-9.081049279787197781e-01
-9.003444514918815811e-01
-2.754188951372068539e-01
4.326015033391192866e-01
5.440675545535026414e-01
3.511556204463645581e-01
8.271593599858250156e-01
-8.096087754956283744e-01
-2.229998281528548509e-01
1.000000000000000000e+00
-1.756096551294852037e-01
-2.884444922382769505e-01
1.388869132596364138e-02
7.252545114679859184e-01
7.553559869823242012e-01
2.569246861576203744e-01
5.780351097842736929e-02
-2.337671866785390185e-02
-8.781829005962032975e-01
-3.402674718786476843e-02
-9.577765199291030651e-01
3.461288409541163347e-01
-6.431521708618631594e-01
5.139003291867731693e-02
5.586689154725940076e-01
-1.696908493646825250e-02
-7.469115856270348575e-01
1.000000000000000000e+00
-2.412193926026579560e-01
-1.319168705818077152e-02
-9.272744718918539686e-01
3.694512186920922980e-01
-1.503943805517339305e-01
-9.350305453894268704e-01
5.663789467470428107e-01
-8.701416364185088348e-01
3.704859681662214799e-01
5.827716845448863703e-01
2.902719502937071150e-01
-9.797412861153271812e-01
1.951948549500194530e-01
5.408453530279989652e-01
-3.689532223215302720e-01
-9.738514206657685746e-01
7.050498711770817328e-01
2.987150608940961072e-01
1.021581338004136918e-01
1.300039229810297792e-01
-5.875529211339940439e-01
-4.011832496287249250e-01
-4.854579032321684751e-01
-2.059673544930522016e-01
-7.749585836724256493e-01
-9.999052559861892897e-01
1.615214220248240851e-01
2.615269212335571414e-01
1.000000000000000000e+00
-7.567392367062075742e-01
4.650750717876395157e-01
-4.862170797147676304e-01
6.667239029457118216e-01
-1.000000000000000000e+00
-2.801778292354463185e-01
-3.282107160731608797e-01
-1.933086757794556104e-02
-3.884056235772643806e-01
9.270132561374757607e-01
-5.707659812124100673e-01
1.454187178926661349e-02
-3.701391873414933698e-01
-8.076988788166830080e-01
1.000000000000000000e+00
2.098267755409102819e-01
-2.910188653708292161e-01
-1.000000000000000000e+00
-2.358588846561414376e-01
3.808104068489422955e-01
-1.208759906512367338e-01
4.309007256568119781e-01
5.979332254104678945e-01
-1.000000000000000000e+00
5.829690768962529912e-01
7.881564436951875585e-01
9.720983870147540395e-01
4.870791905269446914e-02
-5.746031813990271769e-02
5.777658904403053519e-01
4.085225757794461177e-01
7.064249466732578364e-01
-3.731351946003345632e-01
-9.044738606886573717e-02
9.710591514174762295e-01
-1.692897620507287093e-01
1.000000000000000000e+00
6.921810948856640944e-02
4.593068881273085768e-01
-1.000000000000000000e+00
-7.949535843086902309e-01
-1.000000000000000000e+00
-2.379358981150462779e-02
8.016781254742763041e-01
7.257753843188935461e-01
-6.869199654996308579e-01
-2.225871619789948908e-01
1.817657132239478696e-02
4.230093474785244223e-01
1.542241169636067999e-01
-9.867187528841936395e-01
4.029026882956485700e-01
9.318735570359789611e-01
-5.082257639585900932e-01
-6.165483113573133611e-01
8.181040521574574065e-01
-6.339167036814557198e-03
-8.394641971858145535e-01
2.881837631608216363e-02
-7.296993099345895351e-01
6.222790153669292001e-01
-4.833750593114528038e-01
-1.802428952900968565e-02
-5.275136527987652757e-01
-9.768108246149407314e-01
-5.552226903030167415e-01
8.055576378092791368e-01
-6.132535335851380109e-01
6.646430022645803959e-01
-9.481575191991015172e-02
3.182783694668847585e-01
-9.904632033988214346e-01
3.485423298387625435e-01
3.754732718389213741e-01
-9.878449709706049742e-01
9.897355754638007541e-01
1.550670681691962149e-01
3.320189315681463804e-01
