1.000000000000000000e+00
-6.859634397755595692e-02
1.000000000000000000e+00
-5.430520828129837829e-01
2.327710911655510029e-01
6.515206818679958323e-01
-1.269378555719871682e-01
-5.401628824993539579e-01
4.498329540500740076e-01
9.156808250376472502e-01
-9.751477130246516412e-01
-9.886673871782995782e-02
3.613524157196544295e-01
2.881743530573239176e-01
3.604566175491405455e-02
-2.005226602245784029e-01
-2.834451880356094189e-01
2.276770755793056933e-01
6.298101358302986563e-01
1.921068461514127967e-01
4.365965835759622604e-01
7.070048323177678951e-01
-7.805678037188755747e-01
-9.222942769672843877e-01
-5.786496575426126610e-01
-4.554283987357640173e-01
1.000000000000000000e+00
-1.831141010147229187e-01
-1.000000000000000000e+00
-6.818498782740466391e-01
9.828763018775013016e-01
8.094143369365903729e-01
-4.871450657427583986e-01
-1.049312801766954795e-01
1.705804708787068136e-01
-6.140850256952552488e-01
-1.000000000000000000e+00
8.324940699705518643e-01
-6.183048170852268877e-01
9.193131427766765285e-01
-7.057651382640175441e-01
-8.570156449966110923e-01
-2.594447767476749656e-01
-6.604428308333794295e-02
-1.813732800162598247e-01
1.532017239455551738e-01
4.170654953630340556e-01
1.031587857314622408e-01
-4.747262832965816748e-01
-8.653460107157551207e-01
4.059952502231979898e-01
3.203133881770964253e-01
-1.000000000000000000e+00
-2.410123150355601152e-01
-2.199047998545969607e-01
-1.081227381152290307e-01
-8.406124891477098071e-01
5.559239924314789416e-01
-2.578842490380016117e-01
4.499082248414859042e-01
1.314010129841309583e-02
9.199187700936360956e-01
7.822078799623979339e-01
7.756870933353591235e-01
-4.137505206107319755e-01
-4.198218476351472939e-01
-3.135670476957770902e-01
-4.809241050858207300e-01
7.150800335712460543e-01
8.269465489372652967e-02
-2.782981317326672088e-01
-4.429687342926139082e-01
6.439236321975908561e-01
7.202479723170319703e-01
1.922122090006923578e-01
7.491739161146884762e-02
2.405376422171700279e-01
2.226517267595876370e-01
-2.413907445047875355e-01
-6.184853193729464849e-01
-7.969303295117203811e-01
-1.000000000000000000e+00
8.264198071745690877e-01
8.593323445350572465e-01
-1.000000000000000000e+00
7.063231402932451664e-02
-8.631303014035095478e-01
-9.254742305354466403e-01
4.028682118325961348e-01
1.000000000000000000e+00
-8.511931044821654524e-01
-5.592048079034096508e-01
4.185867871147937874e-02
-8.086773103736715207e-01
-6.153107881995757700e-02
-3.008103160189122272e-01
-7.980922843790948240e-02
6.970646015217633051e-01
1.167221160016953113e-01
6.504991152127009846e-01
-4.979933516572048746e-01
-9.234371699635735009e-01
3.942403067979963760e-01
-9.578734123890950691e-01
-1.584446028824255115e-01
7.654837898138550090e-01
3.461651068118464791e-01
-2.307931649391611328e-01
-6.801627500523939052e-01
-8.020437330307553792e-01
1.000000000000000000e+00
7.007257864089098121e-01
-1.000000000000000000e+00
-5.217595004494789412e-01
-8.827888717612787373e-01
-8.907996963735519413e-01
7.931492824715342671e-01
1.618506373681024568e-01
7.171146135253327891e-01
7.138649494267296225e-02
-1.207335775878770057e-01
8.804892343873493843e-01
-5.572137909874196326e-01
7.295614808710583488e-02
-2.950342440205093800e-02
6.668939653759524688e-01
-4.740159181155232937e-01
-7.936749522075851049e-01
-4.674966122690221160e-01
5.720883430269418923e-01
8.098778002975453028e-01
1.021144500155586748e-01
9.871143870490166616e-01
-1.051760831533125190e-02
-3.128814588641468108e-01
-3.108141841719593845e-01
-6.490248320654368186e-01
7.335620327152175824e-01
-1.000000000000000000e+00
1.761850158113317799e-02
8.708064077408984582e-01
-1.172459859089663714e-01
3.025968079560230686e-02
4.315479981346543870e-01
4.134435691988457284e-01
4.186018579616746504e-01
-1.000000000000000000e+00
1.324794862634649795e-01
-4.715268009203951172e-01
-4.337697162102608917e-01
7.550941802609353326e-01
1.000000000000000000e+00
7.872531459471349136e-01
-1.964273579956530014e-01
-9.488434679533508387e-02
7.554440433906669528e-01
8.250211798452776746e-01
1.185929837952005156e-01
3.880873251922223877e-01
3.273554558499364164e-01
-1.000000000000000000e+00
-1.000000000000000000e+00
6.628566414502937709e-01
3.169598230478435363e-01
-6.493328753475821058e-01
2.632428694727846907e-01
-1.124035527323049011e-01
4.111610599378411890e-01
4.173406059485189057e-01
-8.349303693526927139e-01
-1.000000000000000000e+00
2.476040818772689278e-01
-3.909331927852222055e-01
6.823779400579501608e-01
-1.460478855038856161e-01
-8.913820314478816398e-01
-9.737484987434746192e-03
8.586517824103701013e-01
1.000000000000000000e+00
5.588324885011003440e-01
-1.527325473174929726e-01
-6.777945903789267534e-01
-8.883097593200078856e-01
1.858902581520054387e-01
-9.847013063287064494e-01
6.379997804704730102e-01
-4.890408988802018575e-01
-9.618222457138616566e-01
4.634708553306513684e-02
-5.566334753792733236e-01
-1.000000000000000000e+00
2.279778305657257087e-01
-5.762814819350718931e-01
-1.383383198570877493e-01
9.026040794252289112e-01
9.668963407100770180e-01
-1.000000000000000000e+00
1.686645037851385864e-01
-9.306797879163907217e-01
1.791297761917071685e-01
7.941664275121568251e-01
-8.410656928148549927e-01
-3.881481089651070970e-01
-4.075612997124714587e-01
-7.456997474145549143e-01
-2.015476018465771901e-01
1.066999402763803284e-01
-2.339474748591054698e-01
-5.803387524814883625e-01
9.357605745886561355e-01
2.264318898203211694e-01
2.477031322634991664e-02
2.603950243239293583e-01
1.000000000000000000e+00
-7.208581062763097513e-02
2.360633413187053498e-01
-3.036928727664525707e-01
1.000000000000000000e+00
5.154274326322562105e-01
1.106017463760621267e-01
-1.316753738790920128e-02
2.728117136251694830e-01
-4.605710914187913577e-03
1.068627244643026580e-01
-1.000000000000000000e+00
9.839977571366109732e-02
4.107114584573058613e-02
-5.379493708735562096e-01
5.241180640718176020e-01
1.000000000000000000e+00
3.274893112284341656e-01
1.170887015736846448e-01
7.879433368623915968e-01
5.855514461729435238e-01
9.209853078419452665e-02
-2.958590785178853988e-01
-5.450727334480168773e-01
1.433478120978328163e-01
-4.035092514983368295e-01
5.307036113325765830e-02
-3.058042927222662244e-01
-1.901530495633850237e-01
4.976352290473091133e-01
-1.888530887872196806e-01
-7.544339741274146416e-01
2.690352937550835044e-01
-2.370126273619819687e-02
-5.907245917135891533e-01
2.246689446310623506e-01
-4.267060908897188365e-01
-2.401733858151058887e-01
-7.035580430597851431e-02
-2.850293139178433077e-01
-3.553500541351883694e-03
2.492608847792973370e-01
-1.972758310461433517e-01
-1.334652316750413181e-01
-2.853929718347898992e-01
6.517054222840030775e-01
9.723089747848117081e-01
-9.695962665120004820e-01
2.697426237794117720e-01
2.082746225540896556e-01
2.555088195436708287e-01
-7.933367182907267168e-01
