2.575326274485725264e-01
-7.305564375016695422e-01
-7.014689754719016790e-02
-5.408016970469800011e-01
7.132226681382075606e-02
6.222164421267044609e-01
-4.831995572016279938e-01
-7.252030762012862120e-01
4.445517375784409086e-01
9.588930087882867603e-01
7.137510823534843896e-01
1.509087176204014780e-01
1.477235785624508857e-01
8.296390922786665012e-01
-4.510119796155527272e-01
-2.207197097903923488e-01
5.964004025452449564e-01
4.062265350990744706e-01
-5.507070355498960845e-01
9.635195908684236477e-01
-1.633853209253756100e-01
8.173949818951796731e-01
-8.766947092709092004e-01
-4.651494929292703251e-01
-9.418658854988463114e-01
6.433997851029885640e-01
-1.440350180016266024e-01
1.365430473749038587e-01
-8.151690752749846114e-01
4.532604857067713128e-02
-2.898185468473517545e-01
-6.852619293968866820e-01
7.243482261590129534e-01
-3.678456580053277580e-01
9.350372156119880485e-01
6.782714325071379502e-01
7.512832959467206084e-01
-5.105267325806739365e-01
4.871913361251080099e-01
-6.168806345008603920e-02
-9.864967426706083842e-02
-9.284253556471165902e-01
-3.470380687792098406e-01
-3.512818989138928316e-01
4.459672686494273730e-01
5.218122782816975169e-01
7.081949520714230228e-01
-9.682670171250237212e-01
2.407544475586829158e-01
-3.706940885128489072e-01
-3.730585149572498982e-01
-5.581435776706724639e-01
4.008406001997102397e-01
6.479737079752212470e-02
7.552787781438274894e-01
-7.388369872936248473e-02
3.521113997331966061e-01
7.364210078354649358e-01
-6.930843803300059669e-01
1.656534758083291758e-01
-9.662173399273180641e-01
-4.012369628669640864e-01
-7.896067621681022164e-01
-2.736608690550826894e-01
-5.370489408220716632e-01
-5.539938395827868067e-01
6.944044183505155843e-01
-8.829470498100095988e-01
-1.363118014675228362e-01
-4.589037231658423810e-01
4.024235188469911240e-01
-5.468901641689049020e-01
-1.000000000000000000e+00
-3.750597492147450529e-01
5.509754658605603428e-01
9.436787553726038169e-01
3.152433031501384875e-01
-3.262914540509100902e-01
3.987088769467912464e-01
8.435349771242511840e-02
7.132474699143329655e-01
-9.900920531559587179e-02
4.285559943177215114e-01
-7.827526095134063056e-01
-5.476022669969435874e-01
-2.374961045244054769e-01
1.000000000000000000e+00
-6.683460226427925255e-01
-9.907859012207748117e-02
-1.858845392165088817e-01
-3.796666174809141814e-01
-2.225857690058187788e-01
5.442141171611836192e-02
-7.976132917700802238e-01
2.333966677757454145e-01
-1.676268970415352444e-01
-4.373371467438117444e-01
8.222002251324624922e-01
-8.257994784403472899e-01
6.505762585158600952e-01
1.421223407779150794e-01
9.130439575275781650e-01
-1.713009708831347844e-02
-6.991495315371460961e-01
1.664544526460001728e-02
-6.073892720163298620e-02
4.560586837347078148e-01
-3.323722766782570837e-01
7.037329765029489703e-01
1.573596544779904405e-01
3.110114806847356084e-01
8.362777579846559783e-01
7.841158067401166054e-01
1.677569124754843266e-01
6.394434265385954275e-01
7.290108094692837604e-02
-4.088772647899484025e-01
7.004135599024304826e-01
9.520095726903895494e-01
7.463021073195617028e-01
1.283035755121115229e-01
6.865435576970932985e-01
5.126992273404830103e-01
-5.274647020543199449e-01
-1.521308669290006854e-01
-9.442297032292045200e-01
1.473771112601693356e-01
4.598343076253134099e-01
-8.700067508276085881e-01
-8.537158955485052436e-01
-1.660546147641948078e-01
-7.419143781659452985e-01
3.279495637257316409e-01
4.494588712391268670e-01
7.953856728200212611e-01
-9.416649121444090609e-01
-8.454583441267143895e-02
9.700796700954084084e-01
-5.617521270907732678e-02
1.479614173733869720e-01
-9.195083162028991897e-01
-6.822743910459745376e-01
-3.825532089973764371e-01
-7.215646854610623384e-01
-4.881253763662282141e-01
8.796664924740706937e-01
1.802849711501048058e-01
-4.050502377841314061e-01
-6.333729037413832197e-01
-7.030830457577247339e-01
-8.366918333283652753e-01
-4.869425673771168306e-01
6.041202197517590022e-01
-8.124590334624155752e-03
-8.052356914567952995e-01
-1.665734049002842720e-01
-6.984995725970102320e-01
7.781614952890425485e-01
-6.638328401793549549e-01
-8.471625812996281812e-01
3.221628975762492741e-01
2.382909762031511225e-02
4.824786248080727424e-01
7.081329598044110440e-01
-1.490350146079999216e-01
-3.430377556621315716e-01
-2.868045196349042550e-03
6.182940813563559956e-01
-7.697838180469325220e-01
-1.459012511344336127e-02
2.146397800402909395e-01
4.202964743229238298e-01
9.109803146998112222e-01
6.306508422162586669e-01
-8.804559811121430712e-01
-5.722460559965474314e-01
-5.718876342667806867e-01
3.437772177937535867e-01
8.042606616925553897e-01
7.492267684027431596e-01
-1.091920323314018587e-01
-9.069999637535310910e-01
-2.934279291586284755e-01
-4.144391814885115544e-01
-1.000000000000000000e+00
1.728764360808376921e-02
-2.711657771461106758e-01
-7.409907580476191580e-01
-5.052428318582797839e-01
-9.069296790215097825e-01
2.953084733803403861e-01
2.834368867391170999e-01
-9.485010512068607902e-01
1.000000000000000000e+00
-7.995555515124896928e-02
-2.484265348012472674e-01
7.870616875104372578e-01
-3.814925778226532227e-01
-7.929067457940632835e-01
-4.185179544847900113e-01
-8.179125776190694364e-01
8.064945618410963579e-01
9.110556392480417820e-01
3.049034803158121587e-01
-1.639436644596779791e-01
5.376221730220900330e-01
-7.413638053141450301e-01
8.359762253223348427e-01
-3.748440790389340194e-01
-7.600765083365799146e-01
-9.161135167792927581e-01
6.813048539758956856e-01
3.800919402034155237e-01
-3.208054213431452140e-01
-1.045774463489580336e-01
4.262470176976975167e-01
-4.341118546880603501e-01
-6.579643954044799292e-01
4.844287878913360323e-01
-9.982247696920629743e-01
-5.304616282966765350e-01
3.705226762477270563e-01
9.312840290491453121e-01
7.723887880192719102e-01
-9.017483003920130358e-01
-1.012794110996300123e-01
2.453656277960525323e-02
1.097993027037086622e-01
-4.746888068378152803e-01
-1.470429576598235588e-01
6.120626362537731069e-01
-7.227670100589107527e-01
2.397404550927503819e-01
1.932841359057806407e-01
2.531325047619302770e-01
4.189468294211173838e-01
1.585423727669325322e-01
1.602045804654315120e-01
-1.607383171372502861e-01
-7.611472242981021097e-01
-2.861219726919634887e-01
-8.108028567755276583e-01
1.078739205238716803e-01
6.753122140395722006e-01
5.349416291017154712e-02
5.385483280067033807e-01
9.429388430942069466e-01
5.070135364170214043e-01
6.189333847620903661e-01
-1.366821727675845699e-01
5.442916623679792121e-01
1.254691103813723382e-02
4.511570415404466128e-01
4.307045615143278994e-02
-1.892368001918353360e-01
-6.312995934388919705e-01
-1.259987977304546369e-01
-9.017815267179984939e-01
2.548825935984234681e-01
1.037078762452812164e-01
5.053083723772212599e-01
5.038806490507641289e-01
-5.900986535015156909e-01
7.580982871870560746e-01
-2.574697547816908599e-02
