2.571808533635784322e-01
1.189870134421750908e-01
7.209071343959286837e-01
-6.167413835921300436e-01
-2.433196138424024713e-01
-7.950223430277381098e-01
-4.172604077364205910e-01
-8.894303567119300480e-01
1.839836476664801768e-01
9.360112794887011090e-01
-1.222075013038087105e-01
2.809163432656046067e-01
-1.000000000000000000e+00
-9.689917823646748696e-02
2.412568310556768569e-01
-2.287765411183515299e-02
3.613292061596255489e-01
-7.054306537206365968e-02
2.589182466155747764e-01
-6.929892410408023951e-01
-9.245180497812334197e-01
-8.978557989183406640e-01
3.448775523617765293e-01
-5.300179462676859465e-01
4.168924734485362493e-01
8.475119587737511839e-01
-3.884828556697158541e-01
-1.000000000000000000e+00
-1.651768445180303302e-01
-1.000000000000000000e+00
-9.848117791666286536e-01
-7.011760712397632767e-02
-6.428309230535749208e-01
6.096938562053635380e-01
-8.769756431888713344e-01
7.042443049348957596e-01
7.148169578728312823e-01
9.722395545329888256e-01
-7.224451639960599580e-01
7.806948105045166120e-01
8.663102706719635338e-01
-6.843133477761582650e-01
2.683450709143260782e-01
-3.335573747430268798e-01
-4.601420179734372340e-01
2.324142883307133561e-02
1.000000000000000000e+00
-6.391821806066739775e-01
-1.349030494418260451e-01
-9.033376545417012293e-01
-3.794561828888595167e-01
2.892713022300471004e-01
-8.426291682774686986e-01
3.474855520259146346e-01
3.203356515699164880e-02
9.481166827274374320e-01
6.951546491776249281e-01
5.160884709819847371e-01
-4.725287239813826257e-01
4.769951454035735172e-01
7.545329298311979072e-01
-6.716740967629196701e-01
-1.182972631870471136e-01
6.891306473564521307e-01
1.225989810632215071e-02
-4.801052162514081179e-01
5.629561460940255002e-02
6.537417727207863738e-01
-2.372863410615766999e-01
1.641521540841575644e-01
-4.892168415414480664e-01
3.161524140434222585e-01
-2.387486296217398440e-01
8.813592425476318715e-01
-5.392904086036962585e-01
-5.024475466552744685e-01
8.941302523250573842e-01
1.000000000000000000e+00
2.484203164228526994e-01
7.748091832137887769e-01
4.217873006933804403e-01
-5.702012876553343157e-02
2.226975865212323658e-01
5.484974897930567916e-01
-2.928586081310517383e-02
5.705631355872745614e-01
3.639722023976858511e-01
1.000000000000000000e+00
4.138783042611174356e-01
2.634936017869018987e-01
2.597031492694721333e-01
2.244942801871421811e-01
-8.099633208649161809e-01
3.252780986983608846e-01
-4.726988112136735198e-01
1.197950311421211722e-01
8.765478588466310006e-01
-2.336597633641677996e-01
5.092318195864987684e-01
6.999817075613363748e-01
1.562915457946037756e-01
9.245127698206249134e-01
-9.510104574229949481e-01
6.537646544608285426e-01
-3.755532379374491025e-01
9.685834481785898786e-01
1.000000000000000000e+00
-2.306651839751742150e-01
1.512725780449135637e-01
-4.071161587851254704e-02
1.000000000000000000e+00
2.237595901549879751e-01
-1.126324130480889640e-01
-8.197367616540296442e-02
-9.889086325793794430e-01
1.000000000000000000e+00
8.562389620331776197e-01
-2.387365686312269697e-01
2.262054067254951895e-01
1.821832989555029758e-01
6.103409442392954132e-01
2.162060683623018287e-01
7.178281706407124707e-01
1.903184503071460310e-01
-1.124411721820213206e-01
-9.418990418101584883e-01
9.282718808605792127e-01
-5.641262345077601159e-01
9.224509398160037899e-01
1.000000000000000000e+00
-8.289749145531094543e-01
-7.949655724468123186e-01
-1.000000000000000000e+00
5.362624439967638157e-01
-1.000000000000000000e+00
-6.056491445816045704e-01
-3.356684955654563596e-01
-2.527614389720198584e-01
8.672791167900175680e-01
-4.597792504517875800e-01
5.619674595115237148e-01
-2.358203114301374304e-01
6.459656801011955940e-01
8.609427977894262840e-02
3.324803092499007406e-01
-3.261107284672606910e-01
6.551867916261330249e-01
-4.286089516301067603e-01
1.197297879128221693e-01
7.355533677862637898e-01
-1.000000000000000000e+00
8.056661098187753445e-02
3.499234718227676177e-01
-1.000000000000000000e+00
2.584277549370155025e-02
-8.139437556528967832e-01
3.504509925960509475e-01
-8.960846124488262843e-02
-7.130632759670659793e-01
1.278322674448494622e-01
7.475963509641027072e-01
-3.905650089192346242e-01
7.533519068537332108e-01
3.265385825156468802e-01
-2.834388602075408881e-01
8.122071602946011326e-02
5.460224962708311036e-01
6.692891747952900428e-01
-8.474366272691022939e-01
-7.848935887772214848e-01
-7.456245146282133307e-01
3.166343900195257577e-01
-1.987698031779372987e-01
7.838839197456569652e-01
1.000000000000000000e+00
9.820461557827416810e-01
8.185080161157975986e-01
-1.905584497037739744e-01
1.000000000000000000e+00
-9.268165456715267148e-01
-5.993769973429154962e-01
5.097965063711408229e-01
6.470833196801323295e-01
-1.350074670862422554e-01
2.595932698640842640e-01
-2.217814648646238007e-01
7.110067394198694712e-01
6.265949800039408712e-01
-1.000000000000000000e+00
-8.195455267350762463e-02
-6.709495531679487978e-01
7.634780419849794830e-01
1.970723343672170225e-01
3.685545684482131878e-02
7.978425479141235677e-01
5.750196589701200844e-01
-1.844383045245893971e-02
8.342933971798965898e-01
-6.196974504312101617e-01
1.493677256832887656e-01
6.147259752504227182e-01
7.080373793881170053e-02
4.478372309236358650e-01
-1.000000000000000000e+00
9.878985651645229016e-01
-8.623474370788236643e-01
-8.866523134373320847e-01
-2.063910970936787548e-01
3.223545595074402415e-01
-2.107564801530514009e-01
-4.222703967860761964e-01
-1.000000000000000000e+00
-1.000000000000000000e+00
9.235973203377764174e-01
-1.000000000000000000e+00
-4.331789803996539678e-01
-8.636210568361865070e-01
-5.733274912619921171e-01
-1.092243137421144705e-01
2.114576459708217004e-01
-8.587262145443697037e-01
-3.064282909152340473e-01
2.747692924793442293e-01
6.283529419702569285e-01
-6.467798443765135907e-01
-1.000000000000000000e+00
7.555092130214036139e-01
-8.428849494481615023e-01
1.935523492294128345e-01
-1.425164855552547294e-01
-8.787088833367437957e-01
-6.792291235837076835e-01
3.230536939793813289e-01
1.371420652836276566e-01
2.621350795075839679e-01
5.149913348482345610e-01
9.959449215571791747e-01
4.572908046416612193e-01
-1.598277134040381742e-01
9.443533993675698457e-02
1.850871364017706855e-01
-7.837289928924326965e-01
9.490346319559512800e-01
2.195653982776328839e-01
-1.000000000000000000e+00
-3.185006488496749943e-01
-9.221882406967207846e-01
1.623471081594714538e-01
3.364613372314768092e-01
-1.000000000000000000e+00
-8.125185554842112579e-01
-3.094287550471799819e-01
-2.677228217514763808e-01
8.123408900441573266e-01
-3.150760505730769712e-01
1.000000000000000000e+00
3.403105366879061733e-01
7.265622003584155664e-01
-4.920075553618390996e-01
4.686166515402634403e-01
-2.480065349897869198e-01
-2.021999853154023696e-01
4.592469895513132117e-01
4.086595783483090161e-01
7.712636959531843361e-02
