5.064449456833579610e-01
-7.749920772191747353e-01
-2.297480448788281893e-01
-9.910730895125968720e-02
-9.925784490662484805e-01
-1.000000000000000000e+00
7.736927495705032687e-01
9.879218138214408418e-01
6.153401371751670013e-01
-4.552037288209807020e-01
-3.291326714287334809e-03
-8.423946070384755735e-01
-3.764512355920869302e-01
2.011975566259485149e-01
2.567884398939294099e-01
-8.144196611164495891e-01
-2.548389441731679916e-02
9.427069160511023505e-01
7.519122945026106564e-01
8.537277320649414580e-01
-8.122080521444953183e-01
5.880329183544819038e-01
3.806711814900620716e-01
5.804229434518163311e-01
-4.607677366058322566e-01
6.034628749508064161e-01
-4.764470129266895615e-01
4.425234552047490055e-01
-6.094904699168979256e-01
-4.768572154580877354e-01
1.386262915755545055e-01
-9.986525701088837526e-01
1.718520546715291974e-01
-4.708698567989612616e-01
5.380154681129470928e-01
-5.317252333759545646e-01
-1.228459707896769337e-01
3.741792439735613929e-02
-9.295504633714317677e-01
6.154664319532229255e-01
1.990333780818810960e-01
-5.419724859747276913e-01
-5.238612895362892985e-01
7.502218628031049885e-01
1.703416163308237863e-01
3.033529238980838261e-01
5.438088146192523453e-01
-2.801258196918384735e-01
-7.776814011652366521e-01
-8.123525233811995649e-02
-1.000000000000000000e+00
5.622266725534161846e-01
-1.000000000000000000e+00
-2.692901104431967285e-01
9.229232292374339730e-02
-8.420611422137862512e-01
5.876587205109760070e-01
6.432513349529428437e-01
-9.716446811871254363e-03
-4.815670490970700435e-01
-4.825327383158345973e-01
-6.184083918643461519e-01
6.575091375603098198e-01
9.470099205906884476e-01
2.280029716585749155e-01
2.005330035299894564e-01
4.377833200231841526e-01
-6.529105232457439456e-01
-7.674355211111049124e-01
-8.049738013879913223e-02
1.829446273595810579e-01
7.982367998709878343e-01
7.231030290188037446e-01
-4.472704722129241528e-01
1.638598931733903363e-01
4.582064690518351524e-01
-1.000000000000000000e+00
7.114010063553466434e-01
1.000000000000000000e+00
5.313035444315479250e-01
-6.581857204146536189e-01
-8.867342825511361770e-01
4.260304034232066384e-01
-8.675524062208022080e-01
-7.050429782753484531e-01
-4.308872890228905850e-01
1.312780789948038707e-01
-5.805747533880685207e-01
-1.000000000000000000e+00
-1.000000000000000000e+00
-6.476406610491866611e-02
1.536880609300449452e-01
-5.578834991284822298e-01
-2.736101618437014604e-01
-2.329452270686747928e-02
4.879197884796162565e-01
-6.289443326391281897e-01
4.816728079924973982e-01
9.763659318174070512e-01
-5.943514755714430775e-01
-8.712023269662726443e-01
-6.544684857272879963e-01
1.000000000000000000e+00
-2.602918446234764871e-01
-8.289519217533536377e-01
-4.828466939492395693e-01
2.696236657933339664e-01
-2.706181832137224963e-02
-3.252507684429906676e-01
-8.389331112146399816e-01
-9.432502300465229750e-01
-4.872500638936396733e-01
3.628302505026290148e-01
-5.611984490630699263e-01
-6.878491128730542803e-01
8.352771971092268766e-01
5.390298735824243792e-01
-7.403587051764806137e-01
-9.605421297568997874e-01
7.094994060295131133e-01
-1.282539475133883389e-01
7.353675943453096275e-01
7.667508616544691513e-01
1.365999148268302044e-01
-8.562318552308392228e-01
4.011536654415497893e-01
3.117642674677058579e-01
5.789026059692720105e-01
3.299489872547767266e-01
9.174484967456626450e-01
-9.882023053488818709e-01
6.407195200223493592e-02
5.177435542898038978e-01
-7.545246961777698491e-01
-4.836438238988342159e-02
-8.747626446057314986e-01
-9.083987607815021681e-01
3.383513273353774276e-01
-5.268715748307671864e-01
1.899885369347047437e-01
-3.305821616142336217e-02
-8.441668264810506805e-01
3.526484677523873956e-01
-5.291785359614934459e-01
-2.826650644962044184e-02
-6.408362632092075017e-01
4.439384221721892620e-01
2.498731450683346900e-01
-9.762041791263093016e-01
1.298242213316604943e-01
-3.242236188704277766e-01
-3.597385546991408445e-01
5.034684764602257445e-01
-1.612416505960066193e-01
7.015888303839796780e-01
-7.889956766094810003e-01
2.282054447716905243e-02
-6.213412708707326537e-01
2.358274459826908143e-01
7.649933660418629655e-01
-1.269187037382391581e-01
4.493667056165212559e-01
-1.000000000000000000e+00
-3.286817014634690337e-01
2.557356046591210963e-02
6.025915073414798151e-01
-5.345198224752142346e-01
5.762309251226501727e-01
7.479101602952664685e-02
-6.320124475130708408e-01
5.308447025733340485e-01
1.000000000000000000e+00
7.871154805307023494e-01
-5.841675448376152380e-01
7.094569298291482085e-01
-4.006347692690007123e-01
-6.509139596188465715e-01
-7.928859499157183688e-01
-6.399995285881312501e-01
-6.611211702691062175e-01
9.658067859956349643e-01
-3.923335539150499263e-01
-1.059192513830912313e-01
-1.000000000000000000e+00
1.000000000000000000e+00
-5.478126922199683113e-01
6.015352441323638111e-01
8.538899604890369810e-01
-6.472197464178170989e-01
-7.204198910021659685e-01
6.251242720847445256e-01
-4.815156208185908948e-01
1.222348804009978362e-01
-9.211623976784698575e-01
-5.366330358770274866e-01
9.867571617948134310e-01
-6.061363075441439374e-01
7.069127590336115041e-01
-8.840910394484615686e-01
-6.548916436787182160e-01
-4.819741020043426527e-01
-5.990608098566209128e-01
2.897556871400972511e-01
1.306933791786365207e-01
1.163149294316732085e-01
-1.930194261805186218e-01
-2.169999750357816393e-01
-2.208855689347315465e-01
-4.364596090586481125e-01
9.052212425000788487e-03
-9.771237374412156118e-01
-5.663647064883070570e-01
-4.473560458180961819e-01
4.083618463396143650e-01
1.264932322851822222e-01
-7.543423271549087872e-02
-6.166881587533060843e-02
1.000000000000000000e+00
-3.196754646469338046e-02
-3.906337206852462107e-01
-4.542908809384721969e-01
-5.033366583591875054e-01
-6.157023033493294051e-01
-7.615557437456615952e-01
6.333262122846001763e-01
-2.963025753819025776e-01
5.984046504218424323e-01
-3.831993326545037881e-01
1.013676827717219509e-01
-4.573108756482845427e-01
-4.773308359589290562e-01
5.752424474923611974e-02
-6.838304398236497716e-01
-9.996093887713075610e-02
3.351440626951558421e-01
-1.483219106567804646e-01
-6.441539693838307379e-01
4.311140005085403182e-01
-4.928239942508672033e-01
-1.318690139709776110e-01
-1.000000000000000000e+00
-8.492331700457567134e-01
1.263053179886213240e-01
-4.779642690811694572e-01
9.305077671465863398e-01
7.852585727704377572e-01
2.825948168926704640e-01
-3.473489486122883219e-01
-1.079585749699767117e-01
3.520807562849574412e-01
-2.146019377414055962e-01
9.404633754054634309e-01
3.307268567290595485e-01
7.390192181963060047e-01
7.448703670712391034e-01
-6.730347321578139530e-01
-1.671279369430595518e-01
-3.211711085942941524e-01
5.283838705267795977e-01
8.045642659529339547e-02
-7.902145002447172883e-01
-3.034995763487452480e-01
3.090208506119751508e-02
-6.243318108591668913e-01
-3.773784372234774698e-01
