-8.925557375146029315e-01
-9.064135394462023987e-01
4.347464530386612735e-01
-8.956781162430701437e-01
-3.192383716017238582e-01
1.000000000000000000e+00
-1.000000000000000000e+00
1.000000000000000000e+00
1.000000000000000000e+00
1.000000000000000000e+00
9.969286406218055285e-01
-1.000000000000000000e+00
2.587333324575676885e-01
-9.734650023585711409e-01
1.000000000000000000e+00
-9.913400109017154183e-01
-7.556399067900027022e-01
1.000000000000000000e+00
5.269847096798677133e-02
1.000000000000000000e+00
-1.000000000000000000e+00
1.294727696783577742e-01
8.690847553423419747e-01
-2.406274611872389058e-01
-1.000000000000000000e+00
-6.568239024867128517e-01
9.807099703909204491e-01
5.749944587383730710e-01
3.384283618860089993e-01
-5.906148533605788398e-01
-5.316825745779658607e-01
1.000000000000000000e+00
-1.000000000000000000e+00
1.000000000000000000e+00
1.000000000000000000e+00
-1.000000000000000000e+00
1.000000000000000000e+00
2.734424316058939319e-01
9.104044645133544389e-01
7.784995805792205292e-01
4.324419846986899407e-01
-9.853767285242412965e-01
-1.000000000000000000e+00
6.950002531014252138e-01
-1.000000000000000000e+00
-1.000000000000000000e+00
-1.000000000000000000e+00
5.717296007923660106e-01
-7.118461260123879475e-01
1.000000000000000000e+00
9.272100082700547308e-01
1.000000000000000000e+00
-3.453520269898218142e-01
1.000000000000000000e+00
-1.000000000000000000e+00
9.583978048695653840e-01
4.552832773038038017e-01
1.000000000000000000e+00
3.983453885557585727e-01
-4.616143180630385978e-01
-3.907641356501490026e-02
7.492653890974686481e-01
-9.730959937063553555e-01
9.068074256234297525e-01
-3.487355605026332128e-01
-1.000000000000000000e+00
-1.000000000000000000e+00
8.251816142327594861e-01
9.754070391450432309e-01
6.912404035558848969e-01
-1.000000000000000000e+00
-1.000000000000000000e+00
-6.754654284899687111e-01
-8.188155454788672571e-01
-1.000000000000000000e+00
6.305954261909525460e-01
-1.174088933019100389e-01
9.529291584262401804e-02
-6.687408089948961853e-01
9.695848187975639743e-01
1.000000000000000000e+00
3.385880253882849744e-01
1.000000000000000000e+00
-1.000000000000000000e+00
-9.061703642057304942e-01
-2.545394015917024078e-04
2.313331021936179122e-01
-5.638705924668681313e-02
1.000000000000000000e+00
-1.000000000000000000e+00
9.111196757952527703e-01
9.990912478274716069e-01
6.511793387565724123e-01
-1.000000000000000000e+00
-1.000000000000000000e+00
-1.000000000000000000e+00
3.116556086229650413e-01
-1.000000000000000000e+00
7.982950111498899881e-01
6.127423782862079227e-01
-3.224619237024207719e-01
-1.000000000000000000e+00
-1.000000000000000000e+00
-1.000000000000000000e+00
-5.647602274241844134e-01
1.000000000000000000e+00
1.503677820752137850e-01
1.000000000000000000e+00
9.999790875546779034e-01
1.000000000000000000e+00
-1.000000000000000000e+00
-1.000000000000000000e+00
3.931992147412459448e-02
1.000000000000000000e+00
2.420155003673920557e-01
7.825601416942982169e-01
-1.000000000000000000e+00
1.000000000000000000e+00
1.000000000000000000e+00
-7.925726609037087034e-01
3.023030314684929110e-01
9.330588269892678976e-01
-1.000000000000000000e+00
1.000000000000000000e+00
8.579082529838372162e-01
1.000000000000000000e+00
1.000000000000000000e+00
-9.341394488391003836e-01
9.499915524259910926e-01
-5.334810618196880183e-01
-6.587035799188345475e-01
-3.592688676591724306e-01
8.555500007696016374e-01
-1.000000000000000000e+00
6.768344762320933627e-01
7.527147745902915688e-01
-8.343697797225840818e-02
3.601517862465084541e-01
-1.205153503326854419e-01
5.923827126545885280e-01
1.000000000000000000e+00
-1.000000000000000000e+00
4.739143132368532907e-01
6.080665143954443463e-01
7.833953510646276541e-01
-1.000000000000000000e+00
-7.333039072587865803e-01
1.000000000000000000e+00
-8.304095417570203086e-01
-6.109451525931225424e-01
-1.000000000000000000e+00
1.000000000000000000e+00
-9.293715317998810788e-01
-9.504305383023693432e-01
1.000000000000000000e+00
-2.100060209194187233e-01
1.000000000000000000e+00
9.082742190730863641e-01
1.000000000000000000e+00
1.000000000000000000e+00
1.000000000000000000e+00
9.753903875873927432e-02
1.000000000000000000e+00
2.917808733310681135e-01
1.000000000000000000e+00
1.000000000000000000e+00
-1.000000000000000000e+00
-1.000000000000000000e+00
-1.000000000000000000e+00
-1.000000000000000000e+00
-1.000000000000000000e+00
-6.823357611098587738e-02
-8.721232548259822970e-01
-1.000000000000000000e+00
1.000000000000000000e+00
-3.706277109934391634e-01
-1.000000000000000000e+00
9.879616192635507499e-01
1.000000000000000000e+00
-6.761121146922017822e-01
-6.318198113691837481e-01
1.957811209582148160e-01
1.000000000000000000e+00
1.000000000000000000e+00
-1.000000000000000000e+00
-1.414293953003471216e-01
6.837081187634510560e-01
8.170297083199542509e-01
-1.739226097552387662e-01
1.000000000000000000e+00
-1.000000000000000000e+00
1.000000000000000000e+00
1.000000000000000000e+00
1.000000000000000000e+00
-1.000000000000000000e+00
-1.000000000000000000e+00
-1.000000000000000000e+00
-1.000000000000000000e+00
2.377819994372948609e-01
1.000000000000000000e+00
7.002329076391484719e-01
1.259354425367163743e-01
-1.000000000000000000e+00
-9.982165464785848208e-01
1.000000000000000000e+00
-9.522679359027227397e-01
-1.000000000000000000e+00
-3.955308522628657730e-01
-5.425506825541562828e-01
1.000000000000000000e+00
-1.000000000000000000e+00
-1.000000000000000000e+00
1.000000000000000000e+00
-4.192503297221877867e-01
-1.075203023197633112e-01
1.000000000000000000e+00
1.000000000000000000e+00
-1.000000000000000000e+00
-8.626035746475601007e-01
-1.000000000000000000e+00
9.611025865834723625e-01
3.501798514567954768e-01
1.000000000000000000e+00
9.795918195206708701e-01
9.376158351860099938e-01
1.000000000000000000e+00
7.859852976010552883e-01
-9.980308268558876206e-01
1.000000000000000000e+00
9.703734430708448322e-01
-9.709293216233508828e-01
-9.508021459827034061e-01
-7.129981421591694568e-01
-1.000000000000000000e+00
-9.529563988230689286e-01
-1.000000000000000000e+00
1.000000000000000000e+00
-1.000000000000000000e+00
2.967961515219266211e-01
-9.997076500607532390e-01
5.335400666087944943e-01
-9.964421632631735859e-01
3.838776968361399256e-01
1.000000000000000000e+00
-9.957616200568351061e-01
4.628199042439175570e-01
1.000000000000000000e+00
-9.767760202461248653e-01
-9.932224361005959068e-01
9.317605889491693549e-01
-1.683616630389167534e-01
-9.437154751558850529e-01
1.000000000000000000e+00
9.241107499291627558e-01
9.246942893568744770e-01
-7.321809517563373504e-01
-5.200566618191597434e-02
-1.175505691226293309e-01
1.000000000000000000e+00
7.740629140150793175e-01
-5.913040565020061257e-01
1.141680175265762098e-02
-6.937447154066208599e-01
7.021096411073681764e-01
-9.338907886872221953e-01
