3.743747480699069485e-01
-8.420587830561032661e-02
-1.474234420801707746e-01
-3.910437021732455776e-01
-3.759586423995456284e-01
7.319441240480517585e-02
-6.362439075433464764e-01
2.280462878573141783e-01
2.473115178439098116e-01
7.142553441863999097e-01
-7.939208095907952512e-01
-4.709414586808327030e-01
-9.634928571544316700e-01
8.163974374999494188e-01
6.988018801362476662e-01
8.480353251611687515e-01
-7.677256944952404183e-02
5.090832415639712227e-01
5.807255441960657016e-01
-2.350538222772917962e-01
-3.078096984468439157e-01
5.852235591570461581e-01
1.461434485488966040e-01
-6.881374099647477038e-01
4.407117931341681949e-01
7.468118385424127315e-01
9.129309349948642183e-01
8.583187774406759729e-01
4.761144421226812806e-01
-8.904016080789050047e-01
-5.821265229383838502e-01
8.115042069650917345e-01
6.602625986027050864e-01
-5.612949328772787183e-02
-7.988953249924124478e-02
9.997930101855123652e-02
-8.980300219795729344e-01
3.341686654497568743e-01
-7.912552011764170112e-01
-9.814938734373903628e-01
3.093098947784178598e-01
4.299012315429640019e-02
-3.446239369571091893e-01
-8.401023237821978462e-01
-3.082651153070088967e-01
-3.499877307930136516e-01
9.092370082096872252e-01
3.995077191323461729e-01
6.651973111252869053e-01
5.809514822154466795e-01
8.291300733554120006e-01
6.262613388206077492e-01
-3.430371515645771474e-01
-5.647670108033553404e-01
-5.463580260513020703e-02
-5.657539559060125178e-01
-9.742685349305828524e-01
4.519151278367072866e-01
3.714249676610423823e-01
8.640410233999573641e-02
3.677909378703558829e-02
-3.297272350125295404e-01
-3.753866135465803167e-01
-9.600797442472330800e-03
-6.397772216756112407e-01
7.272346988895166398e-01
9.653568732235391359e-01
-5.903182068191932252e-01
4.124037609332549259e-01
-5.863998853869718531e-01
-8.510224821464320577e-01
9.215166332300261942e-02
2.300426850040373505e-01
-1.493148584308778837e-02
2.729813679786556868e-01
-2.249184990807904377e-02
5.489942626240840173e-01
1.604320550992861527e-01
-6.055489188459517447e-01
-1.000000000000000000e+00
-5.449074162933087440e-01
9.296219552709754641e-01
7.963088499844342971e-01
-8.486136670396022819e-01
-7.462667339110380382e-01
-4.876619424721460594e-01
-6.466982282884581323e-02
-5.020589141686551127e-01
9.096435521239201183e-01
4.073765828016298607e-01
-5.188222421746868651e-01
7.360378815631114513e-01
-9.466642817533679199e-01
8.094450746985992762e-01
-5.401578879615145379e-01
-2.276122441534307317e-01
8.730202060839477030e-01
1.252007365368208447e-01
2.355812611836001214e-01
-6.559809496299566778e-01
-1.699453383431253073e-01
9.297484450383490806e-01
-8.537293123074822798e-01
6.206234210506476057e-01
-8.394543185642855398e-02
-1.906846238131241766e-01
-3.722749710506514931e-01
9.670985535587807158e-01
5.884129591848854535e-01
5.684764638265417114e-01
-4.128863866015697326e-01
9.088546521993956517e-02
5.034466394347718587e-01
3.668339416752072202e-01
-1.693616121332452984e-01
9.217848923531397620e-01
2.436325897444483191e-01
4.065859240847666811e-01
5.175871632010142775e-01
-1.282715276201446264e-01
-5.175209540972094402e-01
-5.076341928970335982e-01
1.146287380830952607e-01
9.528972644821660509e-01
-1.301528780542364205e-01
-9.220611575801997972e-01
-8.472687655100192838e-01
-5.313994775045340901e-01
-1.000000000000000000e+00
-4.597360788467635406e-01
1.636872820928081396e-01
-5.892087911275966094e-01
-4.756604939580993952e-02
-4.698686559297842180e-01
-1.532368782848201327e-01
-4.469460943182641532e-01
-1.000000000000000000e+00
-8.429653093087550175e-01
2.388506565029415718e-01
-1.713404571212495675e-01
6.338916538632335396e-01
9.663071819869031298e-01
-3.664806821998417008e-01
6.446705916671764403e-01
-6.907293928886146794e-01
8.353865956803094850e-01
-9.289770618989923179e-01
-7.876970455229475032e-01
-5.570084048489944983e-01
6.742347374196269172e-01
-2.617910505902771856e-01
-2.954440129131439274e-01
-7.659376435501932256e-01
5.354891052020336328e-01
-8.047293898818763669e-01
5.318765086989829527e-02
8.069875260380054982e-01
3.659180288091508082e-01
2.853478597365963210e-01
8.828917593422551668e-01
2.732279363663008276e-01
4.262091440104882611e-01
-6.842409377271680970e-01
6.179307308386828845e-01
-2.092419961449645260e-01
-2.955205004881665820e-01
8.796057000675935322e-01
-9.703102617625652959e-01
-5.017668375523846036e-01
9.034213575845733146e-01
-5.671920419206257780e-01
3.888372928662719996e-02
-3.961903914374870217e-03
-7.292901485326281907e-01
-2.439462937411325250e-01
9.581713399099680561e-01
-9.221065848203864324e-01
8.679710834186462609e-01
-3.057175070903981329e-01
8.477405059252987041e-01
-4.179620722678651923e-01
-8.144580684934250581e-01
5.272219959592534533e-01
9.625742310839968674e-02
2.357565320606730130e-01
-6.965329053662374648e-01
9.632189259868516595e-01
3.090726752018950751e-01
-5.776137496787230319e-01
-8.965955945948032024e-01
-4.518582011771337115e-01
-8.762551919590799709e-01
-1.284936154467007097e-01
-8.529828951899565137e-01
-5.897239250542425371e-01
2.727945205849520161e-01
-4.360162630622024249e-01
2.023031884032269190e-01
2.849425802509275574e-01
-8.296234639221133911e-01
-2.662186744771988245e-01
-5.377074540741164088e-02
2.492136203007954964e-01
5.305822752424655953e-01
8.513815807411495573e-01
-9.725538359487195805e-02
8.090292717904798980e-01
2.242847573653567461e-01
7.632378486470436929e-01
6.017631393730022982e-01
-9.809741979608812557e-01
2.446600194396140737e-01
4.704360791831607713e-02
8.833822403514153265e-01
-8.232600641567390243e-01
-7.647638781544818798e-01
-7.970480231120840031e-01
9.174707862709032824e-01
-2.028402065648708952e-01
-4.285310540825768011e-02
-6.049486956074203725e-01
9.160297121652116736e-02
4.956292042817908028e-01
-7.883344221518200357e-01
6.007469023020326482e-01
-6.005910242229357543e-01
-5.802433604581325177e-02
-3.868816103541097284e-01
5.600751937166186245e-01
-1.565938979290127930e-01
8.919404101719282663e-01
-2.891534339943810927e-01
-4.242668708064718519e-01
2.545819191769598255e-01
2.187698828331561263e-01
3.052820038275732561e-01
-2.059866134942591742e-01
-1.923911006943059832e-01
2.615804069585492275e-02
-5.296614949002381723e-02
-5.340472434868814844e-01
-4.009357117278748994e-01
-8.564516581580460253e-01
9.704921203355580950e-01
-4.365157722988630695e-01
-1.694989928493972897e-01
-7.910591363849733826e-01
-4.051962027221299723e-01
7.461612946859152995e-01
-3.500156913730914088e-01
-2.461246792865308120e-01
9.151338664521406763e-01
9.772208808571680727e-01
-4.485319772882909728e-01
-5.992255174308631638e-01
9.934397078107197743e-01
-6.359645860837530584e-01
8.023707659996598407e-01
-6.893702517122406448e-01
5.195237434284893929e-02
-9.071355238247029718e-01
3.252797915641110205e-01
-2.721085649682268848e-01
-4.852318351215318959e-01
-7.478121971204075846e-01
