-3.500925801293816031e-01
-1.155753817482709778e-01
-1.000000000000000000e+00
1.283707454751724653e-01
-1.000000000000000000e+00
4.109764282683239234e-01
-1.000000000000000000e+00
-9.667190850707414462e-01
5.537604902356519920e-01
-7.991914518521303634e-01
3.650817659428715611e-01
-5.640754217162377016e-01
9.622646101983994837e-01
-8.035351727461963189e-02
-1.100755075436900127e-01
-8.982581418413582153e-01
1.000000000000000000e+00
-1.000000000000000000e+00
1.000000000000000000e+00
-2.682850577491549537e-02
1.000000000000000000e+00
9.559729049668532763e-01
-1.000000000000000000e+00
9.871949116638972788e-01
1.000000000000000000e+00
-9.727722506280834791e-01
2.748973722061453517e-01
-9.937037074494176059e-01
1.000000000000000000e+00
-9.770162625160516007e-03
-3.303241287037154139e-01
2.268369367427596206e-01
-1.000000000000000000e+00
-6.645810925498978339e-01
-1.000000000000000000e+00
-7.334523537972419405e-01
1.000000000000000000e+00
-3.237389401996230154e-01
9.855338806722555578e-01
-3.967997557018658646e-03
-1.795058752036446936e-01
-1.000000000000000000e+00
1.000000000000000000e+00
-1.000000000000000000e+00
1.000000000000000000e+00
2.189853476079068884e-01
1.573996196973497241e-01
6.635001234745867560e-01
-5.736912451352315090e-01
2.171819562760003430e-01
-9.962870131757083358e-01
5.594314105474154086e-01
-5.805597780087838888e-01
7.681498739307901502e-02
8.217127015356169295e-01
-1.000000000000000000e+00
1.000000000000000000e+00
-8.444544852337634300e-01
1.000000000000000000e+00
8.613684757147621607e-01
-7.705806864259251432e-01
-9.737033653869886507e-01
5.849575079662627797e-01
5.290277040483450932e-01
6.235213098870168169e-01
-1.000000000000000000e+00
-1.777608641241142373e-01
-8.909166299376181097e-01
1.000000000000000000e+00
9.216018735639380788e-01
1.580839823586530080e-01
6.041518140689150496e-02
1.460083636278537711e-01
4.662743792395497300e-01
3.559351862233756103e-02
-1.000000000000000000e+00
9.933773776888789042e-01
-4.755740380737960571e-01
-4.286457182173820935e-02
-1.000000000000000000e+00
5.722382515738327208e-02
9.697589724568879133e-01
-7.862457747356217386e-01
5.176519178948985056e-01
1.000000000000000000e+00
4.868744075995401488e-01
1.000000000000000000e+00
2.529346463648431964e-01
-3.876629574154260016e-01
3.013707700300442827e-02
-2.016947923964816924e-01
7.892738925316900023e-01
-1.000000000000000000e+00
1.537247104503380868e-01
8.912937709888846260e-01
-6.142515163834963987e-01
-4.949184903810767699e-01
1.303689347633144036e-02
2.986424881666703834e-01
-6.897445120321378520e-02
2.700370031005712712e-01
-9.754268787105229155e-01
-1.000000000000000000e+00
-9.694167148252751387e-01
1.000000000000000000e+00
-9.892446611235574672e-01
-6.071440560455405588e-01
1.000000000000000000e+00
-5.031627135762735126e-01
-6.209562782554164384e-01
-6.787088257007692360e-02
1.028619290012112025e-01
9.990223113679941314e-01
-1.563233481069348230e-03
-1.000000000000000000e+00
7.907374921535814671e-01
-1.000000000000000000e+00
2.523368441082703972e-01
9.056233118691212614e-01
4.644724629754662937e-01
1.000000000000000000e+00
-1.000000000000000000e+00
1.000000000000000000e+00
1.000000000000000000e+00
9.734998697244277022e-01
1.000000000000000000e+00
1.000000000000000000e+00
-6.801472793137641748e-01
-4.309367304454788661e-01
-1.000000000000000000e+00
-1.000000000000000000e+00
1.000000000000000000e+00
-2.397253974763953188e-01
-1.000000000000000000e+00
-3.229041563397617165e-01
9.074596970800101747e-01
7.481096556002135856e-01
9.587803307983836509e-01
-1.000000000000000000e+00
1.000000000000000000e+00
-6.915034877109583755e-01
6.055526569906277690e-01
4.809207823046913743e-01
1.000000000000000000e+00
-1.000000000000000000e+00
1.000000000000000000e+00
-1.000000000000000000e+00
1.000000000000000000e+00
-2.464319622625576467e-01
4.392851131533764275e-01
-1.711926384364222675e-01
3.788197037436384362e-01
-1.159583085624306259e-01
-1.000000000000000000e+00
-9.129700963119853352e-01
-2.365165373454949926e-01
-4.054503641540831427e-01
-1.000000000000000000e+00
9.939994656850085208e-01
1.000000000000000000e+00
5.585788652757106565e-01
8.608549917127504836e-01
1.000000000000000000e+00
-4.815683154153120316e-01
1.000000000000000000e+00
1.000000000000000000e+00
-1.000000000000000000e+00
6.185508760184684762e-01
6.108781212570446595e-01
9.875085046189239213e-01
7.076618742713517429e-01
-1.000000000000000000e+00
-1.179092097202932843e-02
7.368923977242441969e-02
3.581955010288642161e-01
-1.000000000000000000e+00
1.000000000000000000e+00
-4.326799938319755845e-01
-1.000000000000000000e+00
7.512576075769362705e-01
4.675472936476928743e-01
2.301424575910928083e-01
1.000000000000000000e+00
-1.044814193278847392e-01
-1.000000000000000000e+00
1.000000000000000000e+00
-2.638811709038856312e-01
1.114097760406828896e-01
1.000000000000000000e+00
-9.563033153921199903e-01
-2.380401165765914651e-01
6.322742201060747025e-01
-9.991206921536965879e-01
-1.000000000000000000e+00
-9.070762726339067772e-01
-1.000000000000000000e+00
1.000000000000000000e+00
5.238420428085313052e-01
-5.090834760895289746e-01
2.332142432218782258e-01
1.000000000000000000e+00
-5.559516681472675970e-01
8.706062310120011860e-01
-1.567581528660909676e-02
-9.439258358828014339e-01
6.223863900433845853e-01
3.097281410675242208e-01
-9.952223158253507007e-01
-7.433233491063211407e-01
-6.942195112548823488e-01
-2.401601156636170575e-01
-9.727357919844926704e-01
-1.000000000000000000e+00
1.000000000000000000e+00
-7.562843033699455653e-01
-6.877820239387444357e-01
-9.997336794667254223e-01
-1.000000000000000000e+00
-1.000000000000000000e+00
-9.035154935562760281e-01
-8.579576124302766837e-01
1.000000000000000000e+00
1.000000000000000000e+00
2.918370467788733436e-02
-7.737599084837748498e-01
1.000000000000000000e+00
-4.167243639746714967e-01
-9.603031187685999726e-01
-4.720895927709085060e-01
-6.786841111492366574e-01
8.530197087870245998e-01
-9.701388195676903248e-01
1.000000000000000000e+00
1.000000000000000000e+00
1.753598842376977718e-01
5.575677950460427024e-01
1.868388590891312540e-01
2.035864604718409798e-01
1.035030806504384504e-01
-3.122163458467927533e-02
1.443457851639994849e-01
1.000000000000000000e+00
-4.693155155130015466e-01
9.731408049530704263e-01
8.725102859940597755e-01
-8.120014388695129259e-01
2.947846416724309027e-01
-3.610574215512036833e-01
1.000000000000000000e+00
9.991731168570009425e-01
-4.967867456831239203e-01
1.000000000000000000e+00
-9.900647718751602877e-01
4.968717568170830101e-01
1.000000000000000000e+00
-1.000000000000000000e+00
-1.000000000000000000e+00
6.717166421566183043e-01
-5.935776253786404499e-01
1.000000000000000000e+00
-4.011689201395660653e-01
8.099359969354625877e-01
1.000000000000000000e+00
9.891411686321197605e-01
-8.478318431795665855e-02
