1.000000000000000000e+00
-6.367863129040922665e-01
-1.000000000000000000e+00
3.184260769878980435e-01
1.000000000000000000e+00
-8.913296425816766844e-01
-3.875170023673568109e-01
2.101891414482136289e-02
-1.000000000000000000e+00
3.550902854599760627e-01
3.559588303779901430e-01
-7.138891513684224588e-01
-7.575553565948652812e-01
3.969326676886472671e-01
-9.823568539229943219e-01
8.287502506684891745e-01
-6.445163323706941672e-01
1.000000000000000000e+00
9.737481915096505292e-01
9.705967312389892632e-01
-6.978626983073479284e-01
-8.167976261094030965e-01
2.876559439001372120e-01
-2.773240191642445951e-01
-2.249212466592826476e-01
3.765646818333566181e-01
-7.040888426268741007e-01
3.325587709513828649e-01
-2.846885548207320205e-02
-9.999225457345568557e-01
-7.015611922681422308e-02
4.788006072452797302e-01
2.976882246143480737e-01
1.000000000000000000e+00
-7.216765061747238974e-01
-9.510811116342284821e-01
9.537450452768999609e-01
8.280743529812925052e-01
4.105936334637111385e-01
1.000000000000000000e+00
-1.000000000000000000e+00
2.026361780174709692e-01
9.387079256934114380e-01
-1.000000000000000000e+00
-7.115069934418950526e-01
-7.592128957089044894e-02
8.004401218298897724e-01
4.186412515640165477e-01
7.786112842959151681e-02
-7.986444870387364725e-01
-8.703438840584076797e-01
9.175374068296124896e-01
9.949144850927759132e-01
-4.832348679867534136e-01
-6.470527965296841710e-01
7.487852583373574844e-02
1.420021066528832088e-01
-3.490180988106694748e-02
-2.846238350030710906e-01
2.933842151153783218e-01
5.776423105454210338e-01
4.829902934580419527e-01
7.901312985424815416e-01
-5.964290491359824919e-01
8.627707128353581112e-01
8.292708606795669013e-01
-1.094390258479986805e-01
-1.789747293041624165e-02
-1.000000000000000000e+00
-7.007920191673124855e-01
-3.349524816841963903e-01
-7.128745375236419379e-01
2.189922651103827222e-01
9.472071510689306084e-01
-7.364132673770819038e-01
-6.482401121587431092e-01
7.212518863300881877e-01
5.225685563389395050e-01
-6.299783080893210929e-01
3.890333116402556746e-01
2.566163125878105356e-01
6.622700586843477399e-01
-6.853737593917028637e-01
7.206612576823272498e-01
6.877330722732420965e-01
-6.128644672944554284e-01
9.971688905158561100e-01
1.993097937814308218e-01
-9.125725122507574172e-01
-1.000000000000000000e+00
-4.824288825254177682e-01
8.858986474814865841e-02
1.000000000000000000e+00
3.987306569056414118e-01
-8.076322192189723248e-01
-9.293493757956398094e-01
1.000000000000000000e+00
5.380221907489742827e-01
-9.417110081358180951e-01
8.492970853631427453e-01
-1.647357253370481667e-01
-9.106206234078662032e-01
-6.014531403746171678e-01
8.415827220465126324e-01
1.000000000000000000e+00
4.387419221001446767e-01
7.380583166756916613e-01
2.852248426512132840e-01
6.419861344071766673e-01
-6.613105579882248009e-01
1.000000000000000000e+00
-3.533190094776684220e-01
-3.251969241195077354e-01
-1.329430665859598626e-01
4.163492767973239195e-01
-7.874828799644689736e-01
-3.028065359214918706e-01
5.324950627015596627e-01
-5.214522022659123790e-01
-9.098357246352095640e-01
-6.168635505625271742e-01
-4.081661983650023418e-01
-2.414170785606051806e-01
-6.860914525922137686e-02
-5.581597850024766494e-03
9.494403277115134321e-01
-9.493373871307220213e-02
-1.654883366766967123e-01
-4.089053426581308326e-01
-5.880897618532157090e-01
-5.462937399489442569e-01
-3.495605219004942477e-01
-9.879556550397854409e-01
4.803807171364291029e-01
6.004020397444427282e-01
-6.998720420245341245e-01
-9.060060113606810406e-01
-9.942848010454953256e-01
-2.407884139105562482e-01
5.705014482801902265e-01
9.089180211455558100e-02
-7.816268778973619602e-01
1.840854428819109212e-01
-1.000000000000000000e+00
-7.969251913654452624e-01
-6.589223529565757520e-01
-9.746033618048266511e-01
9.016494505518588554e-01
-1.000000000000000000e+00
-1.000000000000000000e+00
6.027850405229420172e-01
8.474472528690525364e-01
9.990256130107916244e-01
1.000000000000000000e+00
-1.000000000000000000e+00
9.285209040396720237e-01
-5.810648141650293086e-01
-8.280273976462382279e-01
6.877423915236147156e-01
8.774091548955319508e-01
5.031002970364701898e-01
-6.028765794688653035e-01
1.201057485620021376e-01
-9.812351057819446165e-01
-1.561235451127849228e-01
-7.090302398920150795e-01
1.893947806150189095e-01
-5.177305767807619530e-01
2.940784589519125358e-01
9.844867620062466851e-03
-9.724107682757932025e-01
-7.949487869906082249e-01
-3.589643935276858877e-01
-6.438564736518979092e-01
1.977153242447657888e-01
9.136794998105194354e-01
7.255706753851300927e-01
-1.000000000000000000e+00
-6.785413147266818878e-01
-4.898649998345785406e-01
-1.000000000000000000e+00
-6.770294166418147075e-01
8.657278338839274889e-01
-2.698472851294000385e-01
7.219960266313131259e-01
3.067946296893768743e-01
7.131838341555600813e-01
-1.000000000000000000e+00
5.160148379933934271e-01
9.411355916493441276e-01
-6.941615747384521917e-02
2.516456770456186876e-01
5.034209809614895725e-01
9.732588050983619343e-01
4.732241814838556992e-01
6.254780678394769033e-01
-1.000000000000000000e+00
-8.952587126191111633e-01
1.000000000000000000e+00
1.000000000000000000e+00
-9.889109596236148603e-01
-5.665974098599230180e-01
-2.537621771902129342e-01
-5.615489935894765194e-01
-1.000000000000000000e+00
-1.000000000000000000e+00
8.850908967425322738e-01
-7.009046741320881235e-01
-1.000000000000000000e+00
6.152128363796458554e-01
7.517859520793435113e-01
-5.103283416044166465e-01
9.508574010560605361e-01
7.384976902929607512e-01
-4.669379317222394632e-01
-1.000000000000000000e+00
-8.481614940853060558e-01
-4.377642729536014299e-01
2.360816597653726812e-01
8.425446596910612929e-01
7.138521354200946245e-01
-7.593463551811718837e-01
-6.320236504732299476e-01
6.966592415554017093e-01
-7.059466450200367893e-01
-9.770999837532250432e-01
5.081871846047470997e-01
-8.156189913476340481e-01
-7.908181670265773677e-01
-8.370863917139426125e-03
-8.233230038721799371e-01
8.137658068237221265e-01
-1.000000000000000000e+00
-5.581062670375510626e-01
6.497490921084985160e-01
-9.236395789363910369e-01
9.931418551264636907e-01
-9.422909104564465288e-01
-6.855312725057988166e-01
-5.172161267500219317e-01
-8.528901992814172939e-01
-3.798100848573016108e-01
-7.211140002272903304e-01
8.586630222119616684e-01
8.336488830225715629e-01
-9.451528508924911254e-01
-2.103588817494167484e-01
1.735739192477607218e-01
7.663598577236359066e-01
-1.000000000000000000e+00
-3.473044971323205887e-01
-9.377094370290149916e-01
9.536156319008612936e-01
1.000000000000000000e+00
-1.000000000000000000e+00
2.316971949146988397e-01
-4.859646479160061316e-01
-9.334342329589787601e-01
-1.274205007660794697e-01
5.510708169438034432e-01
-5.108325337818996337e-01
9.930747471297293183e-01
3.989811939778783456e-01
7.774952266332514350e-01
6.544514567133505878e-01
