6.450134501456620262e-01
-1.000000000000000000e+00
-1.000000000000000000e+00
-8.003421102296179868e-01
9.862782014488545856e-01
1.000000000000000000e+00
-4.561304475868894204e-01
-1.000000000000000000e+00
-3.039791954172784694e-01
1.000000000000000000e+00
1.000000000000000000e+00
-6.945431221403026711e-01
2.927635012748314169e-01
1.000000000000000000e+00
-4.727322723140236493e-01
-1.000000000000000000e+00
-1.000000000000000000e+00
1.000000000000000000e+00
7.395998370359012641e-01
2.098007291869424806e-01
-1.000000000000000000e+00
7.554890130664927428e-01
-1.000000000000000000e+00
3.034395481001306849e-01
1.512536481536773669e-01
2.783411550012342972e-01
-5.807157713255051146e-01
8.156362285468023998e-01
-1.381525962533910745e-01
5.467815360462188190e-01
-1.000000000000000000e+00
6.163014789713622266e-01
5.073233335069635697e-01
2.513762626599660988e-01
1.000000000000000000e+00
-4.544610682179521799e-01
-5.911857658949645211e-01
-1.156087304148829820e-01
-4.464102382666689794e-01
-9.768732940229146733e-01
9.055745944086439347e-02
-9.580923303727602036e-01
3.113953889765530558e-01
-1.598082089529593297e-01
1.029074711140870874e-01
9.871155141280122391e-01
-7.737731864752251942e-01
-5.785068567598381506e-01
-1.702326177152267417e-01
-6.680660390535990700e-01
4.446337680256167157e-01
-4.116537531344924283e-01
9.846850638437472103e-01
5.739901543345919954e-01
-3.999370088639445653e-01
-3.623216723934871708e-01
-7.419386313302698266e-01
-1.521145741263814077e-01
-3.669916053118355004e-01
5.294426901018112197e-01
-1.755970324427799656e-01
4.876838100863808423e-01
-4.364517290552925033e-01
7.951345439268033832e-01
-8.031200099905461132e-02
-1.000000000000000000e+00
1.901124887510824979e-01
-9.567276902276781181e-01
5.808772580405117125e-01
9.920055571625134572e-02
-1.000000000000000000e+00
-1.871588280559437212e-03
2.203910458635528202e-01
1.000000000000000000e+00
-9.939952738835262647e-01
-7.329719772615448381e-01
-1.000000000000000000e+00
-3.693230441138296571e-01
-8.141468086522628544e-01
-4.550570858768382965e-01
-5.909935639012606767e-01
1.000000000000000000e+00
1.000000000000000000e+00
-3.886217288225008448e-01
9.066281622606598978e-01
-8.657365645974113288e-01
-5.573657086044530029e-01
-1.000000000000000000e+00
4.989840446904814653e-01
-4.331721256056094149e-01
-6.237975600646016305e-01
8.866351527542782884e-01
7.756382539682504795e-01
-5.542279563985131885e-01
-1.000000000000000000e+00
-1.000000000000000000e+00
1.868104177530325455e-02
7.228853231906675614e-01
1.000000000000000000e+00
-1.000000000000000000e+00
-1.000000000000000000e+00
-1.545151364090949220e-01
9.165360838754723627e-01
9.938280060623386758e-01
4.270534879082707458e-02
1.000000000000000000e+00
9.055340187279684594e-01
-8.676025160011745507e-01
1.000000000000000000e+00
8.316337912169281532e-01
6.039278169574049393e-01
-1.000000000000000000e+00
8.196070964086554778e-01
8.691841711272332294e-01
1.000000000000000000e+00
-1.000000000000000000e+00
8.252803751301943658e-01
-5.029010420324621089e-01
4.346922805621610819e-01
-8.994606068377914987e-01
8.083065229390107298e-01
9.776434077647823129e-01
7.378345537219497263e-01
-9.628700494217028449e-01
-8.059584579118365955e-02
-3.303157366311533782e-01
-9.680482723075930496e-01
3.012175295130037345e-03
1.000000000000000000e+00
3.532397654019027722e-01
-1.000000000000000000e+00
1.000000000000000000e+00
-2.266462457964964761e-01
4.720756175795192133e-01
5.724608376269885168e-01
-7.658545476936209351e-01
-1.000000000000000000e+00
1.000000000000000000e+00
2.480149213506759043e-01
5.624910000124893061e-01
-9.990831448666204206e-01
-7.442948412674162961e-01
-1.000000000000000000e+00
-6.729979485995027932e-01
-2.265244338827038934e-03
2.543859390661659670e-01
9.566775697003757628e-01
6.486351079324329527e-01
-7.428688843411975773e-01
-9.292179191101134217e-01
1.186155956264971778e-01
-3.795984647588480088e-01
-5.319556446964082141e-01
-1.000000000000000000e+00
5.992378543196509311e-01
-3.120491664041505353e-01
9.329622311131747781e-01
-1.000000000000000000e+00
-4.964956432053292956e-01
1.000000000000000000e+00
2.104467567865322686e-01
1.000000000000000000e+00
-1.242783261032701925e-01
7.231287466400739827e-01
3.099229750458629695e-01
1.306008150443538629e-01
-6.899804298072649555e-02
1.000000000000000000e+00
9.841713811174219728e-01
-8.771906433061640862e-02
1.000000000000000000e+00
-1.000000000000000000e+00
8.684399074374742344e-01
8.643873773017531903e-01
-8.341443882021526424e-01
3.928429024886397336e-01
9.988620954944286146e-01
-1.000000000000000000e+00
-6.117710148924713209e-01
-8.410168065141727656e-01
9.115446247599122698e-01
-6.984579972317572771e-02
-1.000000000000000000e+00
-1.000000000000000000e+00
1.000000000000000000e+00
9.969556912645582969e-01
1.868678305500441339e-01
-8.888946685479474086e-01
-2.596753690388116653e-01
1.000000000000000000e+00
-7.678093883644234730e-01
-1.000000000000000000e+00
2.518681044976072148e-01
7.570800894587917940e-01
1.000000000000000000e+00
1.000000000000000000e+00
6.562305542903688060e-01
5.271015105136254153e-01
-4.001400509571635400e-01
-1.466251260114972144e-01
3.945343302410736497e-01
4.107937061723675454e-01
-1.000000000000000000e+00
-8.043335962958931828e-01
1.546676324092985944e-01
9.359633162956839669e-01
2.942964567657065933e-01
-7.016351125739377359e-01
7.673924001577694387e-01
1.000000000000000000e+00
-6.884213791071974731e-02
4.833766918956678982e-01
2.155527758149579365e-01
7.083870356305495275e-02
1.581481174597476058e-01
-9.312624495565203775e-01
-7.703298510769492902e-01
9.058679161802146718e-01
1.000000000000000000e+00
-6.686541786737073556e-01
-2.026199796948951748e-01
-9.999503501553769214e-01
8.873937703377563491e-01
1.000000000000000000e+00
-2.637319514912599971e-01
-7.571941388113684335e-01
-7.313557132513252013e-01
-1.000000000000000000e+00
8.670189916432243793e-01
-5.570622457977099096e-01
8.792719325624229892e-03
1.511715396265909950e-01
9.115451846658503277e-01
1.000000000000000000e+00
-9.967867168680580869e-01
9.999569253075425435e-01
-2.753226082526630814e-01
2.540731385514068963e-01
-6.100945058956234179e-01
5.311055590965624296e-01
-1.000000000000000000e+00
-5.772690338090480378e-01
-8.965894397791704939e-01
8.268340661353644760e-01
1.000000000000000000e+00
-7.766083503383049980e-01
9.600003171089197540e-01
-9.528742220047473621e-01
-9.540346839793625300e-01
9.995255844474426610e-01
1.000000000000000000e+00
-6.904756434424587086e-01
1.000000000000000000e+00
3.257903168409632122e-01
8.837571098768969291e-01
-4.947765621315821649e-01
1.724647064662557516e-01
-8.442423597090232823e-01
-4.174434243712776271e-01
-9.876985122108713488e-01
-9.533445607817210288e-01
-1.000000000000000000e+00
7.550458776541935091e-01
1.000000000000000000e+00
1.061990855208688189e-01
