-1.000000000000000000e+00
-1.000000000000000000e+00
9.351204689577255480e-02
-9.269281795501490562e-01
-7.020534272412133348e-01
-1.000000000000000000e+00
-1.756378019962751003e-01
-1.077016759773515853e-01
-1.000000000000000000e+00
-7.547928337000485710e-01
6.516037304573707445e-01
1.000000000000000000e+00
-9.954227107651941742e-01
3.387083110028095145e-01
-9.479986764071515193e-01
6.077083939579283056e-01
-9.837738445614964133e-01
1.000000000000000000e+00
1.000000000000000000e+00
7.054326209788647217e-01
8.857142216931807033e-01
-1.000000000000000000e+00
1.000000000000000000e+00
-5.064781013296433265e-01
-1.000000000000000000e+00
-1.000000000000000000e+00
7.913445683955346865e-01
1.000000000000000000e+00
-1.000000000000000000e+00
-1.000000000000000000e+00
7.511642287594104683e-01
-1.370597616483487380e-01
-5.064033397419374083e-01
-9.593546265994277178e-01
1.000000000000000000e+00
-9.378050474446690821e-01
-1.000000000000000000e+00
1.000000000000000000e+00
7.605420869462000688e-01
-9.963136438142102813e-01
-2.743089199844992443e-01
3.526469537041265201e-01
1.000000000000000000e+00
-1.000000000000000000e+00
-1.000000000000000000e+00
7.463756348645765870e-01
-9.778943442342078463e-01
2.510360295361874217e-01
-9.959190355612034251e-01
9.022886662490793297e-01
-1.000000000000000000e+00
-9.829725711217459638e-01
2.516280453705695974e-01
-5.775635561277865371e-01
3.986211311695341819e-01
8.965212909477443537e-01
-1.124053000459486334e-01
-4.846243389364904286e-01
1.000000000000000000e+00
-6.392276309605282592e-01
1.000000000000000000e+00
-1.000000000000000000e+00
-1.000000000000000000e+00
-1.000000000000000000e+00
-1.236838327532818749e-02
-7.190510180576794586e-01
-9.802060516058864748e-01
1.000000000000000000e+00
4.464116066346982686e-02
-3.691688710232876591e-01
-8.680083092580710424e-01
-4.363839066099947650e-02
3.676649568411825553e-01
9.338047357177995389e-01
1.000000000000000000e+00
-9.594622703322712720e-01
-1.000000000000000000e+00
9.918097010903762500e-01
-1.218474660156797645e-01
5.572797545278421749e-01
1.000000000000000000e+00
-9.504808249426431876e-01
3.521643439052909996e-01
-9.470856210978982892e-01
7.899471054805201620e-01
1.000000000000000000e+00
8.986098594828183517e-01
6.189449025047465414e-01
-1.000000000000000000e+00
9.637598607681296947e-01
-1.000000000000000000e+00
-1.000000000000000000e+00
9.224521555285208896e-01
1.000000000000000000e+00
-1.000000000000000000e+00
5.561270902000278182e-01
3.337865418458124678e-01
-3.369810829883857495e-01
-2.412901420082325110e-01
1.000000000000000000e+00
-1.000000000000000000e+00
4.910284491852464628e-01
-1.000000000000000000e+00
9.074012068511212448e-01
-1.000000000000000000e+00
3.270510080298165145e-01
1.000000000000000000e+00
-2.584147217888719816e-01
1.000000000000000000e+00
-5.775710332239203382e-01
1.000000000000000000e+00
9.801198895296642233e-01
9.791703677309490095e-01
-1.000000000000000000e+00
-1.000000000000000000e+00
-1.000000000000000000e+00
2.318000839048441064e-01
8.858932021874299512e-01
-6.211779278927590520e-01
-1.000000000000000000e+00
6.738211639224817029e-01
-8.873236704719699164e-01
-1.000000000000000000e+00
9.894268836839367198e-01
-1.000000000000000000e+00
-4.691875630821715770e-01
1.000000000000000000e+00
1.000000000000000000e+00
8.953294419086254008e-01
-1.000000000000000000e+00
5.297425717162853598e-01
1.000000000000000000e+00
1.000000000000000000e+00
-1.000000000000000000e+00
9.124076429717623560e-01
6.442103474060133506e-01
-1.000000000000000000e+00
7.101721678402987958e-01
-5.666016983454844613e-01
8.029097991421788594e-01
4.025128215907606277e-01
1.000000000000000000e+00
-8.374389595357386584e-01
-1.000000000000000000e+00
3.529435204113350877e-01
-6.497945254133189463e-01
-1.227811469111254328e-01
1.000000000000000000e+00
6.398834066801370457e-02
-9.045312378546822574e-01
9.642290909072370741e-01
8.031390216574574303e-01
-1.000000000000000000e+00
-2.232349080172820188e-01
1.000000000000000000e+00
-4.468039685295962515e-01
1.000000000000000000e+00
9.156896629430721912e-01
1.000000000000000000e+00
-4.227347957618808882e-01
-1.000000000000000000e+00
-9.892817896464336513e-01
1.000000000000000000e+00
1.000000000000000000e+00
-4.203007504770981950e-01
-8.712080698787924016e-01
1.283186779512794987e-02
-8.456428231945755103e-01
-1.828454632755413534e-01
6.156873981993731260e-01
-8.205686436011381257e-01
1.000000000000000000e+00
-8.631641455525845830e-01
-1.000000000000000000e+00
1.000000000000000000e+00
-1.000000000000000000e+00
7.177705308438198095e-02
1.000000000000000000e+00
-3.367502724612472242e-01
1.000000000000000000e+00
1.000000000000000000e+00
8.772073762515408824e-01
-6.075582386256316303e-01
-8.345545174140849287e-01
-1.000000000000000000e+00
9.327624524963333830e-01
-1.000000000000000000e+00
-1.000000000000000000e+00
-1.000000000000000000e+00
7.432264642833777968e-01
1.000000000000000000e+00
9.040213872486247970e-01
4.475243633300492463e-01
-8.684810052455764762e-01
3.096591026979570449e-01
-6.169958214015004438e-01
2.238650330051823734e-01
-1.000000000000000000e+00
1.000000000000000000e+00
3.628359860759844402e-01
-1.000000000000000000e+00
7.818530889203731959e-01
-8.813122504123449552e-01
2.932650530737878070e-01
5.176637983944150090e-01
-1.000000000000000000e+00
-9.882279805686564611e-01
6.013718813206494485e-01
3.456074406929548343e-02
-9.623396150636062130e-01
2.898487615186252087e-01
-8.935458372810618499e-01
5.109718145040106352e-01
1.000000000000000000e+00
-1.000000000000000000e+00
-1.000000000000000000e+00
1.203125909275542110e-01
1.000000000000000000e+00
3.473087485828223464e-01
-9.092163748868286044e-01
-1.000000000000000000e+00
-1.000000000000000000e+00
-1.000000000000000000e+00
-1.000000000000000000e+00
-1.000000000000000000e+00
-8.442589460758873621e-01
1.000000000000000000e+00
1.000000000000000000e+00
9.086884475909930980e-01
1.030864472206335231e-01
-1.000000000000000000e+00
4.213398090637936466e-01
1.000000000000000000e+00
9.925763234351479003e-01
1.000000000000000000e+00
-8.977327808233056539e-01
8.289958329655522373e-01
-4.872662728713583191e-01
-1.697564212830036945e-01
-1.000000000000000000e+00
-9.817245445731699327e-01
-1.000000000000000000e+00
-1.258463475288757460e-01
8.144236335079740874e-01
1.000000000000000000e+00
-1.000000000000000000e+00
1.000000000000000000e+00
-8.324063421908243221e-01
-9.508737219149748787e-01
9.702716466734325751e-01
-1.000000000000000000e+00
-1.000000000000000000e+00
-2.377284708723355067e-01
4.714256393733730344e-02
9.812800675202200118e-01
2.871026527990447330e-02
-1.000000000000000000e+00
-5.867542615031875464e-01
-1.000000000000000000e+00
1.798841224518268611e-01
9.875689095532479422e-01
1.000000000000000000e+00
1.000000000000000000e+00
-9.810734377260333927e-01
1.000000000000000000e+00
