-4.488765960630126672e-01
-4.811485470789863550e-01
-7.516271318011336078e-01
9.569586292143268391e-01
5.892084601163410928e-02
3.027186945289269127e-01
-2.141192457316711262e-01
-2.807648305541238232e-01
-7.135695854926625559e-02
-1.579737518403359353e-01
-4.973101907526413235e-01
7.292887007323550774e-01
2.346620451067208957e-01
7.948406424745055876e-01
-1.000000000000000000e+00
3.636185504159150650e-01
9.958368694704440305e-01
-1.164922378437277389e-01
-8.761099745910894132e-01
2.779556010742657568e-01
-1.654562095745556460e-01
-3.004165839420966932e-01
6.270164365959599584e-01
-1.000000000000000000e+00
2.846002897282184918e-01
-2.076396567047367886e-02
9.530758494602580289e-01
-7.806542798539825578e-02
-8.959682112821524269e-01
3.646510752557838297e-01
-1.591688899480821554e-02
-1.000000000000000000e+00
8.346971677990985272e-01
9.953393388575397793e-01
2.377888092061909986e-01
2.843347742745356288e-01
-5.914679437554783981e-01
-2.959369126986758358e-01
8.742110292672571337e-01
-4.868555499364911610e-01
5.302746911939085761e-01
6.532770496815869521e-01
8.352704121355282174e-01
3.254581142659407345e-01
-5.153413650290783465e-01
-5.542064187624015092e-01
-8.847089137691820371e-01
2.422036095728492266e-01
-1.597384486254168137e-02
4.506992865046787200e-01
8.562449841548437357e-01
8.410871386443171671e-01
-1.000000000000000000e+00
-7.108711815935855327e-01
1.000000000000000000e+00
-7.046807401569549212e-01
4.252624569442708391e-01
9.085742740690504471e-01
-1.196148089774722728e-01
8.978127147769609726e-03
7.459208170469380228e-01
-1.403545534179359566e-01
7.333432656940134242e-01
1.497712134436341158e-01
-5.344132612129794124e-02
-1.553480402146289463e-01
-1.000000000000000000e+00
3.480458645304401744e-01
-7.830873962900751772e-01
-6.164426215322381664e-01
3.319726067135166936e-01
4.614067931628740848e-01
8.929987197691311440e-01
-8.881370406926779315e-02
7.929044477870968999e-01
2.310721148496527322e-01
6.730274445677433270e-01
8.192306216128315555e-01
1.000000000000000000e+00
1.416660630612746052e-01
3.443954032390424830e-02
-2.537400573109563906e-01
-7.283360970529177969e-01
-1.814006029725245550e-01
-8.520786885606840277e-01
-5.497082435081588336e-01
-1.853968056112403617e-01
1.000000000000000000e+00
-4.825509276575110779e-02
6.279248860786115424e-03
8.459796592434408735e-01
4.181456069367405770e-01
5.959098664311461846e-01
7.984351351257991392e-02
-2.170511475549147806e-01
7.451883568035890804e-01
-3.447386302746593412e-01
7.275725249891492608e-01
4.853438146576384837e-01
-4.493917017339910114e-01
-2.630873334182669554e-01
1.496694877443517369e-01
1.475117984928669135e-01
-9.404270944166599477e-01
-2.672427174623205892e-01
-4.584778300333549467e-02
9.295749493194487290e-01
4.247121622031344024e-01
2.240148523483366794e-01
6.032190270991072412e-01
-1.341784028770764969e-01
-1.000000000000000000e+00
5.157310973585771396e-01
-7.817807170749485612e-01
-3.805680331961844853e-01
6.316470669516237313e-02
6.247998474280637149e-01
7.132846619696510126e-01
9.366382196531376492e-01
6.655485619754520910e-01
-5.587540740595963173e-01
9.764276251001575702e-01
-8.768638979376375264e-01
3.839435571649728596e-01
-3.898623613110119845e-01
-8.488390393397311495e-01
-5.583438906813253944e-01
-2.301993218114373740e-01
1.000000000000000000e+00
-8.048696039643130629e-01
-3.019866743079602789e-01
1.525148605517370470e-01
-2.493132780574378871e-01
1.169540867960605635e-01
3.720237263779194170e-01
8.245504489712978113e-01
-9.344732202744526761e-01
-5.820406769258908986e-01
-4.170664672329835176e-02
-6.142968128170590569e-01
1.885277356515092095e-01
-1.914417375427844570e-01
-1.154611038880294649e-01
-1.000000000000000000e+00
4.678448255682099433e-01
8.154597454972049020e-01
-3.071371451437248656e-01
5.373222483071847799e-01
-7.290651596623343167e-01
7.830017201081991285e-01
6.864696318187492041e-01
1.487723222798775780e-01
-5.146099287082456231e-01
7.119574491458657839e-01
4.119479088713230430e-01
-3.924207160698801600e-01
8.512163301721694664e-01
-3.490420572880538197e-01
5.638453860757999259e-01
-9.844764416711551114e-01
5.102596268428378767e-01
-6.788860830759607667e-01
6.997418057541278102e-01
6.591305257095747550e-01
-3.242421269093518910e-01
2.799007156111000261e-01
-7.975306021802748280e-01
-9.196035851385654381e-01
4.303146059164303372e-01
6.355007031552405428e-01
-1.000000000000000000e+00
-2.002170016521254148e-01
-1.000000000000000000e+00
-4.661812752017125555e-02
-1.889956311044720949e-01
-7.801983052064111190e-02
-1.000000000000000000e+00
5.007958660129858686e-01
-9.976653292916519700e-01
-4.593909547399606663e-01
9.248412960526528614e-01
8.273256870245945249e-01
-8.992292893022967304e-01
-8.349983994266066967e-01
1.000000000000000000e+00
6.777103458012442294e-01
5.230816249279319763e-01
8.137955113987828115e-01
4.274143767152630002e-01
9.466022952999437745e-01
3.760087816006968953e-01
2.341905924447880705e-01
-5.599865804720292051e-01
9.215100572482347596e-01
-6.595378856852276428e-01
7.717644885930587118e-02
9.130245935251114497e-01
-2.599781223579160083e-01
9.571492213933356294e-03
-3.583267650166480078e-01
3.580697465486206710e-01
-9.815684400699553613e-01
-6.839898235040394736e-01
4.870035583237868337e-01
-4.342777388856672305e-01
-6.562711228715638612e-01
-7.749367703811796959e-01
3.359783813859300999e-02
3.198349088570692222e-01
-3.753624514516951116e-01
-9.956247522512362558e-01
-4.686918570649513116e-01
-2.582094939121456004e-02
-2.131069064644049160e-01
-4.236114305980543393e-01
-2.231031661369005659e-01
-1.000000000000000000e+00
1.000000000000000000e+00
5.265374186949345336e-01
8.335523445578572055e-01
1.549142225465138627e-02
-5.818220652827909012e-01
-4.648848880207867573e-01
5.990630896319717458e-01
8.859008499918125112e-01
-1.567375860349964900e-01
-1.194819494670658067e-01
8.849391203290162267e-01
-7.164688293051509893e-01
3.551804491372726469e-01
-2.330197837135607186e-01
3.888002399891589411e-02
-9.280904201292862199e-01
-9.819658368725764364e-01
-3.728044643491848498e-02
-2.704765611988324547e-01
-8.420885306277181570e-01
4.064240818769522257e-01
6.912011043891239659e-01
-3.025465240080982277e-01
-4.419746030977741436e-01
6.078988354575559638e-01
3.379081708572920784e-01
9.990890163581656047e-01
7.647089143073719786e-01
-7.908464208201306800e-01
-4.163056856379482307e-01
1.278979737898202629e-01
5.948550387415960650e-01
-4.027771698416757196e-01
-1.250920353083577741e-01
1.989547996909554195e-01
-1.000000000000000000e+00
3.998825801019847415e-01
-8.593691913686118955e-01
-6.878933147206603982e-01
-3.623422111348759134e-01
6.389779439785357382e-04
-5.193452609141152587e-01
-5.375147176350396627e-01
3.517288329603230346e-01
-8.380672073252246612e-01
3.285589984562333754e-01
1.715260322644818480e-01
7.146911059064828819e-01
