-5.347764109922188425e-01
-2.260416368472983883e-01
-2.601665775851775275e-01
1.331591103090392914e-01
6.544476207928228151e-01
1.213059915910075226e-01
-7.321723240767978869e-01
-1.000000000000000000e+00
-6.604488224352580428e-01
-8.041714508635231518e-01
-5.581602727217896964e-01
5.595679578614332073e-01
-7.770667393860561378e-02
-6.505744975816498687e-01
-9.306865273466224942e-02
-1.000000000000000000e+00
1.022282024045759324e-01
-1.000000000000000000e+00
1.518688075258605163e-01
-7.038499107305735691e-01
3.366812167529832922e-01
-2.970834519995443901e-01
3.295070139613622273e-01
-6.375892886578099494e-01
6.331917619006650622e-01
1.561696343613807048e-01
5.472077927274168196e-01
-8.422341914240758509e-01
-8.845274703505714431e-01
2.999056929415057637e-01
-4.945713254365286526e-01
-9.947561737819894390e-01
6.380423812882041190e-02
-7.014715900193404519e-01
-5.933949511338187932e-01
1.521004853120690448e-01
-3.939790322701353098e-01
-4.600921422784500781e-01
-3.740336647096149658e-01
-6.857524065491880094e-01
-1.000000000000000000e+00
6.609910406220633750e-01
8.152139918250429496e-01
6.787511496069154049e-02
6.662679185638720192e-01
-8.842749673377121589e-01
6.291265042773050986e-01
-7.167066155243013714e-01
-5.804764728860722922e-01
7.803252691231182814e-01
8.895732012259526256e-01
-5.078932170216943209e-01
5.868025741504957482e-01
8.646327317309351335e-01
4.508025613206273485e-01
-8.390625066253043496e-01
-8.272737658548025286e-02
-7.141352023016556139e-02
8.381078294017303421e-01
-4.653678521613816010e-01
-4.610691566128892194e-01
3.525808141927189165e-01
-3.784776882329231040e-01
-7.609805901002998363e-01
-9.390567934559997942e-01
-8.868919781606304786e-01
-4.627577391769026327e-02
2.604036443377761856e-01
7.917127609745643335e-01
-8.256342418400877126e-01
1.756989870657782449e-02
-5.343393597815115220e-02
2.227296819813222584e-01
4.077704817287867156e-01
-5.693629529278537715e-02
-3.328439398673815330e-01
-4.761688716735623106e-01
6.007306085498620440e-02
5.798981201660831086e-01
7.848987014563315601e-01
3.813724690158845076e-01
-2.671256868827240338e-01
-6.239557658986443628e-02
-6.732438024498986762e-01
3.287231310689615049e-01
-8.784368714261210354e-01
-2.939144358979419586e-02
2.893412847684440070e-02
-6.088118325408009568e-01
-1.000000000000000000e+00
-4.307986032276611699e-01
8.257378607536494108e-01
3.977383259620999034e-01
5.143078085153185430e-01
8.293020222123606011e-01
-8.275814580456601899e-01
-7.427271736065750307e-01
3.184088246907471054e-01
1.945875744661005879e-01
-4.356122102816409325e-02
3.764757938217161426e-01
2.997786739659368260e-01
-2.750733144200100955e-01
-5.938702629155298007e-01
2.860325597122568286e-01
-1.394135101520972975e-01
-9.221401611202200144e-01
4.958481156218172980e-01
2.202113456119234591e-01
3.555070351462112366e-01
-5.132346328805866831e-01
-1.000000000000000000e+00
-1.000000000000000000e+00
-3.909751059894628344e-02
5.058640245025726179e-01
-1.803433691501993841e-01
7.920092810100972658e-01
5.938358936641507935e-01
-6.778981459402391163e-01
2.937269757115065216e-01
-5.200550084776203175e-01
4.464259364673260344e-01
2.879214241852782741e-01
-4.270790125893394462e-01
-9.306130213175370924e-01
-8.277279159044550472e-01
9.553606011201541959e-01
3.420773888575157073e-01
-2.881403633803396591e-01
-1.446804787965687011e-01
1.000000000000000000e+00
6.455765659341347051e-01
-5.071361675754496590e-01
5.134224750466188925e-02
-9.148357827894689764e-01
5.393867245109401631e-01
6.091144510179510307e-01
5.522641918758466328e-01
8.350221067091677385e-02
-9.434691037899692878e-01
-3.875201083478152508e-01
5.436317802517897091e-01
-7.572530824784802217e-01
-6.684852056803658460e-02
-9.153844306195615399e-01
5.601031480576090793e-02
1.295878808513493963e-01
4.990396121954184250e-01
-9.628556916969400747e-01
-1.000000000000000000e+00
8.345423528260769164e-01
-5.718721548649958741e-01
6.604547950079988627e-01
8.684038727905114552e-01
-8.507910323438641620e-02
8.711121159030608130e-01
-5.956436072028691298e-01
2.265496271146876239e-01
5.080637950461495134e-01
3.757429719633575971e-01
-7.815987898939488199e-01
-9.970470826335648962e-01
-3.035737259098911789e-01
-6.442767207305293287e-01
-8.219655000676140411e-01
-1.000000000000000000e+00
-6.718854209464053540e-01
6.875220784554157971e-01
7.049197366534287745e-02
-7.322324795254424590e-01
9.610070580214901126e-01
2.462256302020885412e-01
9.483494229931570541e-01
4.905835151477646039e-01
4.042408877509967025e-01
4.095204616259234820e-01
-6.615315842761432252e-01
4.732356927390368173e-01
7.335392587907071382e-01
6.915373279250125460e-01
6.946560239400888515e-01
-7.825794292359633531e-03
1.000000000000000000e+00
6.097988220575629725e-01
-4.323348599830592609e-01
-6.220241899127729179e-02
1.620207493402814336e-01
-9.086436273214113513e-01
-8.917611042668206478e-01
1.634604227752883276e-01
-3.695432540063898208e-01
6.093825851074798905e-01
-3.983675267607067472e-01
-6.613667963791124427e-01
-4.300359093285071599e-01
8.476499472346685771e-01
9.851921213497829566e-01
9.662245045147859202e-01
-1.000000000000000000e+00
-9.229352316263617073e-01
9.209220710909191698e-01
-2.419921391391288701e-01
5.584044644064229956e-01
3.356548590297996348e-01
4.933582139787051624e-01
-5.210560891708666542e-01
6.395066988427232646e-01
-1.880153779225575972e-01
-1.886894921591908414e-01
7.210153443578981580e-01
-1.469875904475448913e-01
-2.302986140974619400e-02
8.558688886174330435e-01
3.248008774120445530e-01
1.969617512464077458e-01
-1.509759608588787660e-01
-8.165570264608996709e-01
-1.000000000000000000e+00
5.445927649478990995e-01
-5.057584725442778595e-01
1.123604769660999925e-01
6.021731373936844989e-02
9.907793301979274103e-01
3.467689415925797047e-01
-6.591904210275864040e-01
2.445408919531848468e-01
-2.325722691715945700e-01
1.104558827440381696e-01
1.962904619276662488e-01
-3.385364055235677849e-01
-8.979164267997357118e-01
-6.453059318101328490e-01
-2.511469435189966903e-01
3.836588257482973496e-01
4.248231110803570854e-01
-7.652487701271343257e-01
-7.012978171159980345e-01
2.038306629067202780e-01
-6.775275979684742822e-01
3.619277628027021132e-01
-7.908275352677522907e-01
6.763584443118403344e-01
-5.398021544985853737e-01
-2.466761603855438523e-02
-7.993374183057160298e-01
-7.902377311299021434e-01
8.386105136281474248e-01
6.787005452214225909e-02
6.963628850125667125e-01
4.589828761205477781e-01
-1.000000000000000000e+00
6.295591533153438446e-01
9.812587795380723898e-01
1.248411436555610099e-01
-6.450989187106218048e-02
8.482778584882972872e-01
-7.357058574454653499e-01
-3.613011312893305016e-01
6.928526156677509151e-01
6.855307653578630589e-01
1.030176713026879770e-01
5.857610525816612235e-01
-1.442903988180350705e-01
7.155508895193924968e-01
4.278889095844524704e-01
