6.856266890045289442e-01
-1.000000000000000000e+00
-7.033831130005052668e-01
1.863625098695830540e-01
-1.000000000000000000e+00
5.492362006434726718e-01
1.313730859693486019e-01
3.340460436600967142e-01
5.667068127732992622e-01
1.000000000000000000e+00
8.317342643513720990e-01
-1.000000000000000000e+00
-1.501476124440549731e-01
1.396799437774755293e-01
5.375539780133704176e-02
-9.307556358822060005e-01
4.183364469964104271e-01
1.000000000000000000e+00
1.000000000000000000e+00
1.000000000000000000e+00
-8.127763129437275413e-01
6.579278197665460182e-01
-1.000000000000000000e+00
1.000000000000000000e+00
9.958652371850610363e-01
-2.382335294853161756e-01
1.000000000000000000e+00
-5.258127767586420198e-01
-1.000000000000000000e+00
1.000000000000000000e+00
-1.000000000000000000e+00
-9.125064417783581572e-01
-4.892076594236479670e-01
-1.000000000000000000e+00
-1.000000000000000000e+00
-1.000000000000000000e+00
1.000000000000000000e+00
1.000000000000000000e+00
-9.817978060853514988e-01
9.823406301543446961e-01
-1.000000000000000000e+00
-1.000000000000000000e+00
-1.592752776116430347e-01
-9.676277779519618649e-01
-9.217125439004696386e-01
1.000000000000000000e+00
7.260135783694190437e-01
2.258647643085238688e-01
-1.000000000000000000e+00
-6.863661797438760370e-01
1.446577579576675543e-01
-9.846923471353368207e-01
-2.521342096668068300e-01
-1.000000000000000000e+00
-4.360859987901929968e-01
-4.476542297888538302e-01
-1.000000000000000000e+00
-2.420938848510122143e-01
8.075798007444279225e-01
6.845293535503220728e-01
1.000000000000000000e+00
-6.743675615879959340e-01
1.000000000000000000e+00
5.469498448081818731e-01
9.609556757501643842e-01
8.744317483830383875e-01
-1.000000000000000000e+00
1.000000000000000000e+00
1.000000000000000000e+00
-6.566907317335183292e-01
9.965951019135645961e-01
2.190585736071956335e-01
1.000000000000000000e+00
-1.000000000000000000e+00
-8.603300126120015934e-01
-5.196120547662642641e-01
7.187260777883626162e-01
-8.408889767272172966e-01
-9.877202991573025281e-01
1.000000000000000000e+00
9.266898434197277101e-01
-9.918795651028333715e-01
-6.762623640412724901e-01
-9.095491954787801037e-01
-1.000000000000000000e+00
1.000000000000000000e+00
9.994710474751498097e-01
8.348295373947361986e-01
-1.000000000000000000e+00
-6.983730538685198885e-01
2.691120724411063536e-01
-1.000000000000000000e+00
1.000000000000000000e+00
1.000000000000000000e+00
-1.000000000000000000e+00
-1.000000000000000000e+00
-8.882109300356509918e-01
1.000000000000000000e+00
-2.605820472736724014e-01
1.000000000000000000e+00
-1.000000000000000000e+00
5.588000267474974546e-03
-9.601847117618232674e-02
1.000000000000000000e+00
9.986169898821530833e-01
7.558577802421273528e-01
7.930658109840881265e-01
1.000000000000000000e+00
-1.000000000000000000e+00
-1.000000000000000000e+00
1.883384961520701284e-01
9.231074013454485527e-01
-9.541972601726108616e-01
-1.000000000000000000e+00
-1.000000000000000000e+00
-1.000000000000000000e+00
-5.663946873587634157e-01
-3.886085702105267492e-01
-1.000000000000000000e+00
1.000000000000000000e+00
2.586746080081684176e-02
1.000000000000000000e+00
-6.976139202952240659e-01
-2.029518249127571228e-01
-9.601615240155437769e-01
-1.000000000000000000e+00
-6.595812407049063131e-01
-1.532306260915535651e-02
8.466609037210568456e-01
-2.120950909458097222e-01
1.000000000000000000e+00
8.707690409336430459e-01
1.000000000000000000e+00
1.000000000000000000e+00
-1.000000000000000000e+00
-1.000000000000000000e+00
-1.422145329652181045e-01
1.000000000000000000e+00
-4.533586691633798571e-01
1.000000000000000000e+00
1.000000000000000000e+00
-8.049409866297588811e-01
1.000000000000000000e+00
1.000000000000000000e+00
6.701388269197775527e-01
1.000000000000000000e+00
-1.000000000000000000e+00
-1.000000000000000000e+00
-1.000000000000000000e+00
9.959386313811893210e-01
-1.000000000000000000e+00
8.829644826389245749e-01
-9.319173691718285468e-01
-1.000000000000000000e+00
-7.432912203630823722e-01
-1.000000000000000000e+00
-1.000000000000000000e+00
1.000000000000000000e+00
-1.000000000000000000e+00
-1.000000000000000000e+00
6.540896803628525047e-02
-1.000000000000000000e+00
1.218255169978869623e-01
-6.599891087207151452e-01
1.000000000000000000e+00
-1.000000000000000000e+00
-1.000000000000000000e+00
2.699792091574330644e-01
-1.000000000000000000e+00
9.986949024457242308e-02
4.766574888178217173e-01
9.523985345599051966e-01
-1.000000000000000000e+00
9.149398022988534107e-01
9.746038329089470320e-01
-9.909821677064091228e-01
1.000000000000000000e+00
-4.179873116526526544e-02
1.000000000000000000e+00
-9.289969780655421561e-01
-8.293380413503786963e-01
-8.441210114641503059e-01
-1.000000000000000000e+00
-8.208805791126831952e-01
-1.000000000000000000e+00
-7.298992990968719008e-01
-7.192737866151798221e-01
9.894522956961525617e-01
1.000000000000000000e+00
-1.000000000000000000e+00
9.981230182376413795e-01
9.905147037219784734e-01
-1.000000000000000000e+00
-1.000000000000000000e+00
-1.000000000000000000e+00
-9.440476122180293528e-01
-3.867732440594878751e-01
7.671711937794658542e-01
9.619415098524750629e-01
-4.167370174939588612e-02
5.956523764621386441e-01
1.000000000000000000e+00
-1.000000000000000000e+00
1.000000000000000000e+00
-1.000000000000000000e+00
-1.000000000000000000e+00
-1.000000000000000000e+00
-9.519812426680173134e-01
1.000000000000000000e+00
9.842577777365526526e-01
1.000000000000000000e+00
1.000000000000000000e+00
-1.000000000000000000e+00
2.278338572442835108e-01
1.000000000000000000e+00
-4.572340698044604079e-01
-3.010144140449631522e-01
9.942062162027548444e-01
-1.000000000000000000e+00
1.000000000000000000e+00
-1.000000000000000000e+00
-1.000000000000000000e+00
-1.000000000000000000e+00
-1.000000000000000000e+00
9.853494714420690803e-01
-5.224710126369241925e-01
8.568650972663617305e-01
-1.000000000000000000e+00
-6.050313643002439568e-01
1.000000000000000000e+00
-1.000000000000000000e+00
9.841286490943697007e-01
1.000000000000000000e+00
1.000000000000000000e+00
-8.896319900038933692e-01
1.000000000000000000e+00
9.904549467582802746e-01
9.763845230287353516e-01
1.000000000000000000e+00
9.064531394682306953e-01
-1.002424957377658771e-01
-1.901121251136790868e-01
6.565837900408235672e-01
1.000000000000000000e+00
7.122760872490584150e-02
1.000000000000000000e+00
-8.957387525254872918e-01
1.000000000000000000e+00
-1.000000000000000000e+00
1.000000000000000000e+00
-1.000000000000000000e+00
9.568467278008959687e-01
1.000000000000000000e+00
9.917979913125946068e-01
-7.919695062587210899e-01
1.000000000000000000e+00
1.000000000000000000e+00
-8.309673327903214224e-01
1.000000000000000000e+00
-7.478340320255556783e-02
3.011006487926974895e-01
8.885400959382422359e-01
8.263710239971627791e-01
1.000000000000000000e+00
-8.034988434832965876e-01
