-5.607138635584409947e-01
8.374535084592850120e-01
1.000000000000000000e+00
1.961957948152953102e-01
7.642400692096954495e-01
3.013788933436087336e-01
1.000000000000000000e+00
-1.717542130051137039e-01
-2.783796102606100886e-01
8.624723327394535621e-01
-2.259450165495834606e-01
1.395249209575318838e-01
-8.157312761121080502e-01
-1.000000000000000000e+00
-2.836538317531876463e-01
1.000000000000000000e+00
-2.636292307112480526e-01
-3.955424684944591762e-02
-8.705385313699092187e-01
6.628473162163970311e-01
-9.068349809446669685e-01
-2.573382877873935937e-01
4.659296870118658784e-01
8.529675024570210207e-01
4.034563496803464933e-01
-5.262320454976888717e-01
1.000000000000000000e+00
-4.813856576447296254e-01
1.019230099787611088e-01
-5.850647619110167508e-01
-8.410947901575233088e-01
-8.863998165377692251e-01
7.761133356003940831e-01
8.196953970054872141e-01
-8.778937140349876156e-01
-6.500874053312382106e-01
-1.000000000000000000e+00
-7.542251249405047542e-01
5.389672724519942726e-01
-9.671540527354348660e-01
-1.000000000000000000e+00
-9.199134831337206775e-01
1.000000000000000000e+00
3.612840604289165869e-01
-9.694170686397619585e-01
5.593222738843567354e-01
-3.790872294748945381e-01
-1.672531618658321950e-01
-8.158589930565429693e-01
-5.938824140172921373e-01
6.435063423005832339e-01
9.785126258976303282e-01
5.726096684044288398e-01
-7.167946940376086484e-01
4.363701301559973489e-01
2.352405724983668289e-01
1.000000000000000000e+00
5.851075653967038326e-01
1.150990541090624597e-01
-9.646947766574798244e-01
-6.194615205797351365e-01
-1.000000000000000000e+00
-3.567802813351000357e-01
2.339055014743210981e-01
4.332035446857043226e-01
9.277978775107319220e-02
8.900936142726519895e-01
-7.878056218175024661e-01
1.000000000000000000e+00
8.135760837784325461e-02
-1.000000000000000000e+00
-1.000000000000000000e+00
-1.000000000000000000e+00
-9.145468945645452985e-01
6.278019724478429708e-01
4.519851303059072012e-01
-1.934945217744583612e-01
-5.759033677552989339e-01
-9.549342469547690282e-01
3.477569476081809885e-01
9.265975408059536900e-01
6.254919739833856296e-01
-1.453707983033490983e-02
-6.367214507625941211e-01
-1.386404185528784527e-01
-8.066985746364925269e-01
-1.000000000000000000e+00
9.557011438043092610e-01
-9.694315104195947441e-01
-1.840187344710836059e-01
-7.969265305476572747e-01
-1.836519930149663471e-01
-4.748692967927048980e-01
1.000000000000000000e+00
6.162606909423370416e-01
7.391998930428065329e-01
-3.891092748505229661e-03
5.820733682002416920e-01
-1.000000000000000000e+00
5.129444522967659958e-01
-1.355307011225290459e-01
5.653221790231702792e-01
2.755739073257592042e-01
3.197060731165262681e-01
4.871737180076362028e-01
9.727600664302989975e-01
-1.000000000000000000e+00
-9.710933199023760176e-01
-9.941594452438697882e-01
2.225591609953734284e-01
8.972941760584415283e-01
-1.000000000000000000e+00
7.308457919062074648e-01
8.685526955232792945e-01
-5.062275068165758007e-01
1.000000000000000000e+00
-6.524134788509149407e-01
5.151591200751810540e-01
1.000000000000000000e+00
-5.617671480153673541e-02
-9.881431958392599135e-01
-3.398096268530079178e-01
-9.805630777781669805e-01
2.820027966270962083e-01
-1.503440183518913731e-01
-2.761476442847858939e-02
-3.856541101107748282e-01
-6.767140228967419846e-01
1.603108183361257322e-01
6.100175230150313155e-01
-5.086651132338660952e-01
9.041253183337323307e-01
-1.919982182645308122e-01
-1.000000000000000000e+00
5.257533147892745617e-01
2.313908165394915339e-01
5.956302553457172300e-01
-9.757716732803015658e-01
4.208413201832045814e-01
9.360778437430283816e-01
3.216932691406413358e-01
-1.000000000000000000e+00
1.000000000000000000e+00
-2.064543373807481708e-01
9.779837391247950817e-01
8.588322415268916377e-01
1.000000000000000000e+00
-2.614756170980826744e-02
1.000000000000000000e+00
7.139070300305359051e-01
7.415500498722913392e-01
7.540514241622787717e-01
-1.274225762568208797e-01
-6.554767291392685769e-01
-6.397256835250562101e-01
-1.000000000000000000e+00
-2.700638087472273519e-01
-3.613892881281994818e-01
-6.158829432484310695e-01
-1.000000000000000000e+00
2.243749961972747731e-01
1.000000000000000000e+00
3.386655321875679803e-02
-1.000000000000000000e+00
9.579235689978020662e-01
1.342522318167216067e-01
-1.000000000000000000e+00
-1.000000000000000000e+00
1.000000000000000000e+00
1.000000000000000000e+00
7.088981009675729972e-01
-9.850397857874828578e-01
-1.000000000000000000e+00
1.000000000000000000e+00
-2.283757422465987341e-01
6.335540820736660361e-01
6.735175028310529388e-01
1.000000000000000000e+00
-7.652668280810661638e-01
9.217281175643197155e-01
7.564596738485515615e-02
-9.436885896309975541e-01
-7.794788193488630945e-01
2.487284047870216563e-01
3.407638265129482869e-01
-6.926375571815980292e-01
-1.000000000000000000e+00
7.904183780664734149e-01
9.940786204374497670e-01
-7.056752336831635386e-01
-7.189496022665238240e-01
2.596204462076435737e-01
2.757820674335348943e-01
-7.380807784600336152e-01
-4.833063047966125736e-01
-4.057744726742584795e-01
1.000000000000000000e+00
-5.855593822841811402e-01
-3.080118971552988638e-01
1.152985137207867133e-01
-6.901852415586616774e-01
-5.148616697250593122e-01
1.000000000000000000e+00
2.663481292019343472e-01
1.000000000000000000e+00
9.871399571822243590e-01
1.000000000000000000e+00
1.218602882876872601e-01
2.964592539106274405e-01
5.808831398271826485e-01
-3.984134979066841775e-01
9.012715544285417879e-01
6.438370234114587642e-01
9.850155581046943221e-01
-8.267022811147864969e-01
5.124179422061748701e-01
8.487647886683477028e-01
8.338372276803646121e-01
-2.328125179772054798e-01
-9.855143497533352948e-01
9.397511333339669815e-01
4.061716850949600444e-01
-8.244625346968951218e-01
1.000000000000000000e+00
-1.000000000000000000e+00
-7.981815547225711294e-01
1.000000000000000000e+00
4.790523561900515981e-01
9.040797976394612245e-01
1.000000000000000000e+00
-4.341611152470032375e-01
-4.786058036636504642e-01
6.515997076839169511e-01
6.378587097544023976e-01
1.000000000000000000e+00
8.462335783187098226e-01
9.864298136329799904e-01
-4.549793362773598138e-01
1.000000000000000000e+00
8.526655882714049284e-01
-1.000000000000000000e+00
1.000000000000000000e+00
3.743863348887066511e-01
4.540088470275098764e-01
3.517584772793286296e-01
9.154235348088300972e-01
-1.000000000000000000e+00
3.010841972975976111e-01
-5.997300080392928834e-01
-2.821958492743187885e-01
9.701831191166685464e-01
-7.091273829056343736e-01
2.525628484632883031e-01
8.929341074560184222e-01
-4.122960505995112435e-01
-7.718796395166790392e-01
5.264459365598396223e-01
-7.842858545856052910e-01
-1.000000000000000000e+00
5.798713553859529135e-01
7.544680863503041568e-01
1.000000000000000000e+00
-2.789084540901884401e-01
4.926802278128963319e-01
-4.560107450987466726e-01
