3.401652936150718065e-01
-1.368913064103519095e-01
7.778260177979720580e-02
2.364475103740867334e-01
2.050148315111615938e-01
3.540350030265330683e-01
-5.076679021343786236e-01
3.263413274840337719e-01
6.403519043037574354e-01
4.318947968768391821e-01
-9.725292744652932475e-01
-1.143314971146553068e-02
8.132606257838068675e-01
-1.000000000000000000e+00
2.529837425282145391e-01
-9.105689034659032455e-01
-8.994685946393402576e-01
-1.517182315754195265e-01
9.724773402030361114e-01
8.909719540694756301e-02
4.619815956415643798e-01
-1.000000000000000000e+00
-4.658394012802137829e-01
6.885169588777736438e-01
-3.716232367487005972e-02
-1.385713856719242576e-01
-1.645045503072840865e-01
-3.300313630700139056e-01
-7.741476069792860293e-02
5.524092270699646479e-01
4.641378290650448046e-01
-2.752434236959765412e-01
-8.151339215010637851e-01
-1.919071974442173034e-01
-1.196594231508189554e-01
2.816631165560229966e-01
-9.395386225546541459e-01
-3.241276467951068052e-01
3.180804019188424592e-01
-1.000000000000000000e+00
8.448972237833346499e-01
-4.745820201391233173e-01
-2.943781706170142676e-01
-5.505916844458471626e-01
-8.790812161176010386e-01
-7.786030900223503970e-01
1.545364755493348063e-01
8.863617490485940775e-02
-9.329081426476661942e-01
-3.377327515025816407e-01
1.255548875465187508e-01
3.803185596312496641e-01
3.802147020448162218e-01
3.948365053551689541e-01
-7.115677253071421848e-01
-4.623350486965023889e-03
2.865429919017442040e-01
-2.192236513963893019e-01
9.552462585745916668e-01
-9.571847800708381537e-02
1.801587124899330095e-01
1.713575101519142219e-01
3.275229088372883512e-01
-1.000000000000000000e+00
9.266893071394943782e-03
3.327743371460498145e-01
-7.789358440442110953e-02
7.441249220264870567e-01
-4.820608284747551764e-01
1.000000000000000000e+00
-6.135927691079167551e-02
3.782671504324636169e-01
2.258506099392155186e-01
3.808634635904771248e-01
6.698301625578452212e-01
-6.349418374688347022e-01
-6.623206227137750091e-01
1.934177080414625216e-01
8.917412728966535029e-01
1.789475148358836698e-01
1.009958767514738953e-01
-4.931001966308442563e-01
2.565230254539440161e-02
1.766895124525827976e-01
9.122811279954795571e-01
-8.557005543705689110e-01
4.363892304936742295e-02
9.712787666863264002e-01
7.801607276300062122e-01
6.977692588902852100e-02
-7.586917977026577664e-02
3.244810902452009982e-01
-2.549083955213233832e-01
9.421170281376688438e-01
3.256862360543757995e-01
1.370648200659159432e-01
1.104817799408955303e-01
2.861613486989524890e-01
-4.475878623642801646e-01
-5.802322079015416190e-01
-9.337382094736658145e-01
9.486088718360733418e-01
6.025048693562850000e-01
1.898405496852031416e-01
6.353915402177391369e-01
3.327550621014396803e-01
-2.998394238473636175e-01
1.000000000000000000e+00
7.183140261596824283e-01
-9.996852276990553232e-01
3.014000120757211465e-01
-6.993025565347797956e-01
-6.594897336650791253e-01
-9.059482617335465893e-01
4.286350521176885420e-01
2.187307487631926506e-01
9.648879797599174690e-01
-9.556732886532951499e-01
-2.391025647743515170e-01
5.112554564113944711e-01
2.299969124283857969e-01
-3.080944374120114237e-01
8.352592392541432487e-01
-8.970262841937668430e-01
1.021016971999170325e-01
7.034855328899167759e-01
-2.464250074417015379e-01
1.534149956285799088e-01
2.949153135668383108e-01
1.646497740656025499e-01
-3.628135268062961938e-01
6.205370858728314065e-01
6.204015623917182864e-01
9.720264386085303299e-01
-6.787828770746151541e-01
5.938785391364204136e-01
-3.153305169457273349e-01
-1.549751909517357584e-01
1.000000000000000000e+00
4.510916175138552364e-01
-4.221104262421381259e-01
9.349456201477961415e-01
2.696923123063162953e-01
-7.729758677675441225e-01
-7.319334938444029826e-01
-1.783215081194672869e-01
3.680819351912875681e-01
4.454038744153495655e-01
9.332100412505905940e-02
6.556834184088599082e-01
9.546197448348671399e-02
-1.087531950306438316e-01
7.235905766852440690e-01
-6.093053335543968663e-01
3.188178341151933770e-01
-5.354658260369569156e-01
-6.201663654322578934e-01
-2.842779632751833430e-01
-4.632916729938779121e-01
-2.766110077865813546e-02
4.545765709340396366e-01
6.499868055937090272e-01
-1.784094763079129287e-01
-8.772673077276897935e-01
1.490942599883304798e-01
8.532923500223843494e-02
-4.961942251448407948e-01
7.045653183282675203e-01
5.370979983190492524e-01
-1.770734614731835424e-02
-5.714689324963979633e-01
-4.572333133814109329e-01
3.638565744227597043e-01
-7.370186557590721055e-01
1.704048711461202126e-01
6.028124713001625778e-01
5.523986801043133665e-01
7.605859599738448162e-01
-2.480730537519567624e-01
-6.904954809709040742e-01
6.394595502147985000e-01
-9.228352002441366775e-01
-6.894179301132424831e-01
-8.371609187150266806e-02
-7.551977566654695107e-01
1.000000000000000000e+00
-8.736966144634042974e-01
4.310700938288638540e-01
5.717543826894140313e-01
4.575185007573432522e-02
-3.878163953542017595e-01
-6.144788271996999562e-02
-2.824282143657805624e-02
-3.789583887710124555e-01
2.920831203889276417e-01
-9.112045602259767341e-01
3.612715210700133128e-01
3.581193801176211222e-01
-8.244249474560222390e-01
-3.758898088656439929e-01
9.854576105069670078e-01
1.019236335132543969e-01
-6.354465661360694240e-01
2.498347780900038173e-01
2.022597941723943693e-01
2.031797774947055879e-01
-9.994579934068126281e-01
-4.101293492680117003e-01
-1.959653143080239968e-01
-2.234829718917358821e-01
4.726206253725042106e-01
-2.362425130819051367e-01
-9.482698662123056899e-01
6.048948355359730078e-01
-2.538414695507768340e-02
-6.003375992107254921e-01
1.451675275119426733e-01
5.520090286684633529e-01
6.973045620638768094e-01
-3.841890244043589808e-01
4.267855861052071709e-01
-1.000000000000000000e+00
4.624113054687845614e-01
-5.787841019949251375e-01
1.934260996718934200e-01
-2.815641412518689601e-01
-9.777814153025833344e-01
-7.799826438609149815e-01
6.873119685081591212e-01
3.477233029199320868e-01
7.549670572204258967e-02
7.589782416693977019e-02
-8.083870018122800705e-01
-6.642245884176142257e-01
-1.000000000000000000e+00
5.242631180196738461e-01
-5.503889142488672254e-02
-5.060404286307894350e-02
-7.777674138436136975e-01
7.868539332044512946e-01
-1.578399336679513765e-01
9.584443766718875324e-01
6.526768248791503524e-01
-9.334046824659134045e-02
-1.279275380812758822e-01
-2.362872277391281917e-01
-8.313469305580440949e-01
-7.166238404191953570e-01
2.289527152728370873e-01
-1.167563895270020830e-01
-3.341011775753336965e-01
9.349068176093925375e-01
1.086272913513895849e-01
1.000000000000000000e+00
2.475217657872762489e-01
-8.337993886568859647e-01
7.495562093496476175e-01
1.122268774871026074e-02
2.015411827470446338e-01
-7.148932455919789763e-01
2.535609288422225882e-01
-2.797651634213108585e-01
5.441872346407065075e-01
2.508506903694768253e-01
4.184358341775077927e-01
