-1.000000000000000000e+00
-1.000000000000000000e+00
-8.584102397719125532e-01
-1.050932745004665020e-01
-7.340037427161782979e-01
-1.789694333962641229e-02
8.009641191856584630e-01
-4.172316187669024568e-01
-1.000000000000000000e+00
-2.155212401039527381e-01
-1.000000000000000000e+00
6.546754578524410784e-01
9.859368048213278390e-01
7.402563083053329551e-01
-2.886557004727931253e-02
-3.566237760965825232e-01
8.757462221580131212e-01
-1.000000000000000000e+00
-9.995236216034764087e-01
1.000000000000000000e+00
-1.000000000000000000e+00
1.000000000000000000e+00
-1.000000000000000000e+00
-1.000000000000000000e+00
8.254279687211443228e-01
1.000000000000000000e+00
-1.528917807846653654e-01
1.000000000000000000e+00
-2.545312689532779338e-01
-1.000000000000000000e+00
9.906789774352362521e-01
-1.782656240750760124e-01
8.048382985000510637e-01
2.869088612977709896e-01
1.518874301018731110e-01
-1.000000000000000000e+00
1.862352380550293118e-01
4.987768463359724680e-01
-2.805862673816632014e-01
9.969834425013114343e-01
-1.000000000000000000e+00
9.953638033390475037e-01
1.000000000000000000e+00
-1.000000000000000000e+00
-4.704806843419084839e-01
-1.000000000000000000e+00
-1.000000000000000000e+00
-6.668312405111082031e-01
1.000000000000000000e+00
-1.000000000000000000e+00
-3.890244492084802830e-01
1.000000000000000000e+00
-6.820975401881372857e-01
-1.000000000000000000e+00
7.200006106200507183e-01
6.641181594133339638e-01
-9.884484792833155842e-01
-2.608729841323633170e-01
9.978057846392796026e-01
-1.000000000000000000e+00
-8.296422508365237647e-01
1.000000000000000000e+00
-1.000000000000000000e+00
-9.999029484252908162e-01
-1.000000000000000000e+00
1.584610905601686881e-01
-1.000000000000000000e+00
1.000000000000000000e+00
-7.406651775962068696e-01
-2.737031135508694035e-01
-1.022554349584276195e-03
3.191720952776122000e-01
1.000000000000000000e+00
-4.734156467468693119e-01
-4.437379073044112054e-01
-1.037542529782585071e-01
-7.751060780674160489e-01
1.000000000000000000e+00
6.194396560674440000e-01
-4.351495385159587226e-01
5.154893939361971933e-01
-4.734260138342744062e-02
-9.834633209718707247e-01
3.950441562973774356e-01
1.000000000000000000e+00
-3.518290940435361835e-01
9.559694782863112916e-01
-2.173132143431719468e-02
-3.576431799906791276e-01
-9.272360329073302543e-01
1.000000000000000000e+00
3.919571521924369306e-01
-1.000000000000000000e+00
-4.508533801233500782e-01
6.374316183877165587e-01
8.680746272116359741e-01
-1.000000000000000000e+00
1.000000000000000000e+00
-1.000000000000000000e+00
-1.000000000000000000e+00
-4.058867603936061608e-01
-1.000000000000000000e+00
-1.000000000000000000e+00
-9.714626897462833588e-01
5.992201647048123192e-01
3.157773417374609148e-01
1.000000000000000000e+00
-4.483884662983850800e-01
-1.000000000000000000e+00
1.000000000000000000e+00
1.000000000000000000e+00
-3.355143075739606268e-02
-1.000000000000000000e+00
-3.978673769447558239e-01
4.175014802213379561e-02
-8.065420925328273816e-01
1.000000000000000000e+00
1.000000000000000000e+00
-5.421869348140124778e-01
1.000000000000000000e+00
5.631585267356837843e-01
9.876091713370516167e-01
-8.447288550423299736e-01
-1.000000000000000000e+00
-6.142665994122717965e-01
2.542487466608133739e-01
1.000000000000000000e+00
-1.000000000000000000e+00
-8.354586449621826949e-01
-9.304199326932268699e-01
-5.763213777158567863e-01
-6.441518303483729779e-01
-8.886611812507396735e-01
-9.034167328361542015e-01
-8.339681309809766629e-01
-8.938629627944831846e-01
-3.010909350013218910e-01
-5.913995253152706244e-01
-8.764387391734577148e-01
-8.140749592934589662e-01
1.462281522984518467e-01
-2.105876335977630298e-01
2.599570134045317005e-01
-9.637879454260672718e-02
1.000000000000000000e+00
1.000000000000000000e+00
5.684857424113303609e-02
-1.000000000000000000e+00
-6.027339862733253062e-01
-1.000000000000000000e+00
-1.000000000000000000e+00
-1.000000000000000000e+00
3.436603691950121386e-01
-1.000000000000000000e+00
9.792389385545930969e-01
8.333186822637281277e-02
-9.737891771285098197e-02
3.542968894240610678e-01
7.026489834294274983e-02
-1.744358085173736417e-01
6.656411920841758256e-01
9.713616347165159315e-01
1.948852958860166629e-01
-1.000000000000000000e+00
-7.840951242424007983e-01
-6.864445341286047608e-02
-1.000000000000000000e+00
7.956402355942489013e-01
-8.170944444617375124e-01
-1.000000000000000000e+00
-1.000000000000000000e+00
1.000000000000000000e+00
1.000000000000000000e+00
1.000000000000000000e+00
1.000000000000000000e+00
-7.381756984251344189e-01
1.000000000000000000e+00
-1.000000000000000000e+00
5.684940534586968575e-01
4.033386984670560005e-01
-8.232920890564323635e-01
3.245142921605635722e-02
5.740175308934080123e-01
-1.000000000000000000e+00
1.000000000000000000e+00
8.967741731415811157e-02
-1.600758624449139522e-01
-1.000000000000000000e+00
-2.145487472991169375e-01
1.000000000000000000e+00
1.000000000000000000e+00
-2.888821202799906063e-01
9.948965594996428408e-01
1.146502330635573996e-01
-1.000000000000000000e+00
7.967547179381143652e-01
8.545627636072183897e-01
3.078001189951376504e-01
1.000000000000000000e+00
-2.910868678984091518e-01
5.943671549042169877e-01
-1.000000000000000000e+00
-1.000000000000000000e+00
-8.880849504522718707e-01
-1.000000000000000000e+00
-9.997370977081967425e-01
9.239786712612596542e-02
-1.000000000000000000e+00
-1.000000000000000000e+00
-3.749054363220256647e-01
-3.368705995456075519e-01
-1.000000000000000000e+00
-1.000000000000000000e+00
1.000000000000000000e+00
2.804424475441795739e-01
-1.000000000000000000e+00
-7.831602232223011661e-01
-7.280074797448958801e-01
-1.000000000000000000e+00
1.000000000000000000e+00
-1.000000000000000000e+00
-9.190026288383656983e-01
8.902294347650443473e-01
-1.000000000000000000e+00
8.484201782368124001e-02
-9.301380882744917367e-01
7.976007339220579917e-01
-2.758385132069270940e-01
1.000000000000000000e+00
1.000000000000000000e+00
-6.443054846811840930e-01
6.901133050127488122e-01
1.000000000000000000e+00
-1.000000000000000000e+00
-1.000000000000000000e+00
-9.888119434650765038e-01
-1.000000000000000000e+00
1.000000000000000000e+00
6.009942912483178662e-02
-8.039955453527507512e-01
9.414214969638163844e-01
1.000000000000000000e+00
-4.468308720738818629e-02
6.632175347679295507e-01
-9.964598064942716826e-01
-1.000000000000000000e+00
6.246128670326727139e-01
2.941329380109896502e-02
1.000000000000000000e+00
1.000000000000000000e+00
-1.000000000000000000e+00
1.000000000000000000e+00
1.000000000000000000e+00
1.000000000000000000e+00
-1.000000000000000000e+00
-1.000000000000000000e+00
-6.827004719625389129e-01
3.150502598671540699e-01
-1.000000000000000000e+00
9.602076712020205518e-01
4.680812119586525433e-01
-7.388713754064387684e-01
-3.350992191601455672e-01
5.034219192116942132e-01
1.000000000000000000e+00
