3.471541002417549704e-02
-1.000000000000000000e+00
1.000000000000000000e+00
-8.560316004058289296e-01
1.000000000000000000e+00
-1.000000000000000000e+00
-7.474705452497387714e-01
1.000000000000000000e+00
7.558471410381201183e-01
-8.326054845101266144e-01
5.422893480556033596e-01
-2.770746545191983268e-01
8.451110818658308377e-01
-9.166479796319285667e-01
-9.144224438337681393e-01
-6.813436694065378996e-01
5.823365547348580140e-01
-5.950336734884539847e-02
-3.466000897503063727e-01
-4.623650191502082785e-01
-1.000000000000000000e+00
8.304370898634555465e-01
-1.498984297885610495e-01
1.000000000000000000e+00
1.116731309987367970e-01
-1.000000000000000000e+00
-4.141826407733909532e-01
-4.745290179097583216e-01
-1.000000000000000000e+00
3.468816590117907994e-01
4.012826619460062583e-01
6.578454748448291090e-02
-1.000000000000000000e+00
1.000000000000000000e+00
-7.547694771064601404e-01
1.034124379047233200e-01
-1.557379421445985457e-01
1.000000000000000000e+00
-2.323690804316292935e-01
-1.967743251365988155e-01
2.235657963390310365e-01
7.259745774477841529e-01
-3.311359814036677340e-01
1.000000000000000000e+00
7.397193276891667058e-02
9.979927224413271958e-01
-2.661683334783191412e-01
-3.323234744380738626e-01
5.738792338316005548e-01
1.000000000000000000e+00
-9.221620446192472231e-01
6.519638113246963018e-02
9.829514580265142909e-01
5.537181231568357731e-01
1.000000000000000000e+00
2.761384490164006666e-01
1.000000000000000000e+00
-4.950622575803391157e-01
-3.788325996437190701e-01
-1.000000000000000000e+00
9.995927045490035079e-01
1.000000000000000000e+00
-5.981069084890381360e-01
9.448232285858552126e-01
7.375615020850107006e-01
-1.133111082541249093e-01
1.000000000000000000e+00
1.000000000000000000e+00
-4.282075643889937111e-01
1.000000000000000000e+00
-1.287995072506485650e-01
-5.224604103156138546e-01
-7.792258497567895459e-01
1.000000000000000000e+00
-7.275121917979998631e-01
6.859290910139188568e-01
-5.692524426526305303e-01
3.245268326373106915e-01
-1.000000000000000000e+00
2.383072567316959489e-01
1.000000000000000000e+00
1.419617525354966991e-01
-8.489179878182603334e-01
-1.290261835849417643e-02
-5.505856939168113362e-01
1.000000000000000000e+00
1.000000000000000000e+00
5.044015425819488030e-01
-3.125554394388225243e-01
1.000000000000000000e+00
1.000000000000000000e+00
-5.488139058397200065e-01
1.000000000000000000e+00
4.606185685994703127e-01
-4.401374344664222282e-01
1.011877951225108596e-01
-8.625572478750064276e-01
5.056641703500718288e-01
2.912505356238820342e-01
-3.771133749568914562e-01
-5.914886419701498310e-01
-8.357456175762068007e-01
-1.000000000000000000e+00
4.201452808181760368e-01
1.000000000000000000e+00
-1.000000000000000000e+00
-7.190296379691210049e-01
-1.000000000000000000e+00
-1.000000000000000000e+00
7.373547005612816896e-02
5.444737236745894604e-01
7.593796186589069075e-01
-1.327322675652821415e-01
-6.306832956376797750e-01
6.467921407824058777e-01
-1.000000000000000000e+00
-1.000000000000000000e+00
-1.107744205330514486e-01
-9.729957228585088824e-01
-1.000000000000000000e+00
6.237938796088031701e-01
1.761952039149145555e-01
-1.000000000000000000e+00
9.182791689313090089e-01
-1.000000000000000000e+00
-3.557729071643223606e-01
7.481239561439519958e-01
5.391742311259739573e-01
-6.609824632674072831e-01
-1.000000000000000000e+00
-3.700345305076815361e-01
9.375370193197298807e-01
1.000000000000000000e+00
-5.897782702086608042e-01
2.352621546419394194e-01
2.522286108434113744e-02
2.742123081001575646e-01
-2.886043821216221494e-01
-8.247358772278724492e-01
1.000000000000000000e+00
-4.304181969548458442e-01
1.000000000000000000e+00
-7.095300318595693101e-01
4.042426838862421268e-01
7.491347304792370654e-01
1.000000000000000000e+00
-7.367353560354580333e-01
-3.496119677704863093e-01
-1.000000000000000000e+00
-2.845070114342638026e-02
-1.000000000000000000e+00
1.000000000000000000e+00
-6.116765050244945545e-01
9.697958507101560321e-02
2.066522616326974260e-01
3.251901519062546653e-01
2.194520568559594764e-01
8.272811304222205120e-01
1.000000000000000000e+00
-6.036942181849926925e-01
1.000000000000000000e+00
-7.307770109788317425e-01
-4.885115045266934519e-01
-8.914742608864206774e-01
1.000000000000000000e+00
1.000000000000000000e+00
1.000000000000000000e+00
-2.854255620162641782e-01
-8.923054228972626678e-01
-4.959320865997690619e-01
-2.470626354714527129e-01
5.744425202353147658e-02
9.508718964125444095e-02
-8.003744635341654146e-01
-8.069998701209101233e-01
1.000000000000000000e+00
-1.107547089996966383e-01
-8.472399973382731264e-02
-2.137622251515849114e-01
4.774119936167986467e-01
-5.041726316547934239e-01
-2.741985552061963483e-01
1.008859511227903766e-01
1.000000000000000000e+00
-4.768438547006496053e-01
-5.035309314925378033e-01
7.208283428806495641e-01
5.371570363109051671e-01
-4.244227902489448034e-01
1.000000000000000000e+00
5.292966717645216645e-01
8.778160712282022660e-01
1.711189148917176550e-01
-1.692388264457929045e-02
1.112004508503006417e-01
1.000000000000000000e+00
-5.648238489591915767e-01
-1.000000000000000000e+00
1.000000000000000000e+00
1.000000000000000000e+00
-4.291731905059839591e-01
1.000000000000000000e+00
4.414609819165157822e-02
1.000000000000000000e+00
-1.000000000000000000e+00
4.061664772842062399e-01
-2.021928942929947792e-01
1.000000000000000000e+00
-3.625709893819565877e-01
2.092643965855460475e-01
-8.370861841305228535e-02
-7.919073358485548830e-01
-2.315060520764885277e-01
-6.868436312543504396e-01
-5.186632988958945756e-01
-9.445098724671142920e-02
1.018945960204645923e-01
-1.807003615709965316e-01
1.000000000000000000e+00
-3.957168980589195750e-01
-1.000000000000000000e+00
1.000000000000000000e+00
-6.546278725667146192e-01
-1.000000000000000000e+00
8.662414263823182692e-01
1.000000000000000000e+00
1.495976518502138419e-01
-7.042075003896258734e-01
-1.000000000000000000e+00
-7.968087083913460988e-01
-4.972603708450028526e-01
5.491696706324820099e-01
-5.122885275865383115e-01
1.000000000000000000e+00
6.647734275320579256e-01
-8.881955022775049891e-01
-5.116884380623303308e-01
-1.000000000000000000e+00
8.808840975296524656e-01
-1.000000000000000000e+00
-1.000000000000000000e+00
7.822980071882157382e-01
1.000000000000000000e+00
-6.032453668931252455e-01
1.000000000000000000e+00
-5.087179039658412671e-01
-1.250432431233677311e-01
-8.766993882787197379e-01
-8.190586524747642816e-01
-7.041002766568585924e-01
2.775585675643639227e-01
-3.295553634614598604e-01
-3.703069254924276632e-01
9.222728365890470181e-01
-1.000000000000000000e+00
5.715633040408403254e-01
-2.970420170943628355e-02
-7.041658564927762987e-01
1.000000000000000000e+00
1.000000000000000000e+00
1.000000000000000000e+00
3.545001791087509790e-01
1.000000000000000000e+00
1.000000000000000000e+00
9.595897100313688366e-01
