-4.020961329865749834e-01
8.402792977128715757e-01
-5.989973303296618479e-01
4.450445151616413408e-01
-9.826240514585212749e-01
3.666703698401695966e-01
6.980900255662404463e-01
-6.525555113489799330e-01
3.590042665469133643e-01
-4.638666485593584965e-01
-2.613450742556348572e-01
-8.079021113111164443e-01
-3.484854357990992413e-01
1.239517590007240960e-01
4.720086560036426127e-01
1.000000000000000000e+00
7.771503701461374147e-01
1.000000000000000000e+00
-7.666757172890734662e-01
1.000000000000000000e+00
-3.823237714258986286e-01
-5.380653589794898856e-02
-1.000000000000000000e+00
8.585747985642879776e-01
3.525647818678975254e-01
-4.357566339867791627e-01
-1.000000000000000000e+00
-9.808372188621006238e-01
-7.096989342605061757e-02
1.000000000000000000e+00
6.038540612448839440e-01
-1.000000000000000000e+00
-1.000000000000000000e+00
1.000000000000000000e+00
1.000000000000000000e+00
3.129095298738615027e-01
7.887798217793561273e-01
-9.529481735875828807e-01
1.470674275860805735e-01
9.541914706889179643e-01
-2.228293861002380583e-01
-4.116797126687013475e-01
-1.000000000000000000e+00
2.217899687407160481e-01
5.277266571698531195e-01
-2.746517488471177937e-01
-2.436211405778789529e-01
-1.000000000000000000e+00
-1.000000000000000000e+00
-3.498077718620538207e-02
1.000000000000000000e+00
4.421205070906211732e-01
-7.802585029713952902e-02
9.041470792472200424e-01
-7.130644567574901949e-01
-9.380048011383332884e-01
2.550526666166468837e-01
1.779315110049150273e-01
-9.622651907653707593e-01
-9.402736647796940961e-01
2.878633738887061977e-01
8.629534809137366924e-01
-1.771381168502758618e-01
6.484802819082372549e-01
-3.374778683466163609e-01
-3.773792187975484880e-01
-1.000000000000000000e+00
-4.644323748754748404e-01
6.226346807200704436e-01
4.697617388941656147e-01
-6.347989883136685441e-01
3.645899394504442670e-02
6.157162660698456413e-01
1.735432707293687454e-02
-2.687174497572329401e-01
-3.097809529036813503e-01
9.518162342433503231e-02
4.754855142478254804e-01
8.080259001368206295e-01
1.048947710424703167e-01
-1.000000000000000000e+00
-2.894108325988685171e-01
9.568759195953442376e-01
-7.954246722313909057e-01
-7.142596801208426216e-01
-2.386052231334480633e-01
1.477591016507739385e-01
-1.000000000000000000e+00
4.190909090795594816e-01
2.079824153130030995e-01
6.660370313573920065e-01
1.745362799601033743e-01
-8.123528865143544442e-01
-4.995329717302259831e-01
-5.007852240868387178e-02
3.859443502137928084e-01
-1.000000000000000000e+00
-3.997267274671967296e-01
-4.571319935956658087e-02
1.000000000000000000e+00
1.000000000000000000e+00
-7.254691184296874207e-01
4.842089512409251673e-01
8.698600332091249721e-01
5.793053394078516716e-01
-9.783961135583473245e-01
9.595316845270306372e-01
-1.000000000000000000e+00
1.000000000000000000e+00
-2.253609585951321659e-02
1.000000000000000000e+00
3.191315028654942987e-01
8.680560497665553710e-01
6.630285093452237266e-01
-1.070240807669473604e-01
-8.681390543569678098e-01
2.584717735213431511e-01
-6.097087884555821846e-01
-1.000000000000000000e+00
4.680731652747022742e-01
2.588123846093868252e-01
-5.185088512246405212e-01
2.875660278631581024e-01
-3.234235877660125991e-01
9.932305524823553666e-01
-1.000000000000000000e+00
6.496024883008021389e-01
1.772150334129387467e-03
-4.515740964643900901e-02
1.000000000000000000e+00
1.000000000000000000e+00
-1.962360652971636976e-01
-9.434037978018493531e-01
4.006695637882425332e-01
-1.000000000000000000e+00
2.354256223659871861e-01
-4.223062910611840026e-01
2.691824310792556019e-01
8.768126682399883798e-01
-2.173566322423586133e-02
1.000000000000000000e+00
1.000000000000000000e+00
-2.603614762494875778e-01
-1.000000000000000000e+00
1.556699797347315672e-01
-1.955928517431987368e-01
3.652054838805433024e-01
7.578116018087983630e-01
8.359839715049256492e-01
1.000000000000000000e+00
-1.000000000000000000e+00
-1.000000000000000000e+00
-8.600262479701094032e-01
-1.000000000000000000e+00
-3.476889372042342718e-01
2.497668026118824436e-01
9.971053074223861223e-01
3.837784308070337214e-01
-1.000000000000000000e+00
-9.696318939833921124e-01
1.000000000000000000e+00
1.000000000000000000e+00
5.752222673050539498e-02
-3.306388746774358567e-01
6.484909503403984976e-01
-1.000000000000000000e+00
-3.522485630961845193e-01
1.000000000000000000e+00
7.489748029116959360e-01
1.000000000000000000e+00
-9.930792777178092390e-01
-1.000000000000000000e+00
-6.766808057817748079e-01
-2.557279807475540401e-01
-4.932826988055296069e-01
-3.704894615130076563e-01
2.012307082582092885e-02
4.383499203140524270e-02
-2.826612069532049576e-01
8.858394837708102876e-02
1.000000000000000000e+00
-9.650542446962618870e-01
-1.000000000000000000e+00
-5.713332980585852372e-01
-9.745776537846960741e-01
-1.000000000000000000e+00
4.345493835342976174e-01
-6.259945754408876573e-01
-1.000000000000000000e+00
-1.000000000000000000e+00
9.270015557074674506e-01
6.503135137362489049e-01
-1.000000000000000000e+00
-1.000000000000000000e+00
7.049198034649725164e-01
8.710076980690469872e-01
-2.778300989016262851e-02
4.934540978453137994e-01
-2.986638424650780999e-01
-4.422463715724127553e-01
-2.926986211830433504e-01
3.687418979185663748e-01
2.567107225640409274e-01
1.000000000000000000e+00
6.618343838536683288e-01
5.365000904712520224e-01
5.916427933400519867e-01
6.484865260502580275e-01
-1.000000000000000000e+00
8.910628604086334725e-01
-1.000000000000000000e+00
-7.466016378495095307e-02
-9.069568526984579382e-01
9.999683428592560652e-01
4.694727094395333422e-01
4.328607563006924702e-02
5.195451186101335966e-02
-8.873620171772235166e-01
-3.476100033200060779e-01
-2.048201335753498387e-01
4.976484297890628183e-01
3.758874048499384352e-03
1.000000000000000000e+00
2.585786888369165926e-01
5.769001261005088921e-01
2.969940039766897355e-01
4.968119742179172849e-01
1.000000000000000000e+00
4.043794031126337063e-01
-4.925709516788864262e-01
-3.063524381210194214e-01
6.027802148368830437e-01
-9.042705134902961905e-01
9.751989136076970599e-01
-3.776833474577768746e-01
-1.000000000000000000e+00
-8.445732009323785316e-01
2.681157362918175635e-01
1.643740463484191228e-01
7.068422234847060448e-01
2.126919295647048125e-01
1.000000000000000000e+00
4.587123296243190707e-01
8.406326725982040671e-01
-5.051267137047393829e-01
1.000000000000000000e+00
-1.000000000000000000e+00
7.998458537773905919e-01
9.948952279926518427e-01
8.709595243332328707e-01
9.781796834994593848e-01
3.481542191355763149e-01
-1.263499991773903153e-01
-1.168840530513883258e-01
6.172440590223530199e-01
9.014483484697430882e-01
6.542182302471304389e-01
-9.787526717157175593e-01
-1.000000000000000000e+00
2.112066412849621100e-01
-1.000000000000000000e+00
6.068854286575672274e-01
1.497083832974304696e-01
1.000000000000000000e+00
-2.059497177188628070e-02
