1.000000000000000000e+00
4.590749269428714419e-01
-3.626747631434684704e-01
3.173156878130124481e-01
-5.285607756195749296e-01
-9.812669970078901072e-01
1.601745807049048398e-01
-1.000000000000000000e+00
1.000000000000000000e+00
1.000000000000000000e+00
1.000000000000000000e+00
-6.967195501420235804e-01
-1.000000000000000000e+00
1.000000000000000000e+00
-1.000000000000000000e+00
1.000000000000000000e+00
-1.679112688406070031e-01
-1.000000000000000000e+00
-2.544087111246740029e-01
-1.000000000000000000e+00
3.500884770641461419e-01
1.000000000000000000e+00
1.639717369352890475e-01
-1.000000000000000000e+00
4.080560110157625542e-01
1.000000000000000000e+00
4.943445124887988484e-01
1.000000000000000000e+00
-1.009102316244632203e-01
5.777060578326104201e-01
-6.038609404443143897e-02
-9.859983486123818919e-02
-2.150184369925638161e-01
1.000000000000000000e+00
1.000000000000000000e+00
-4.564743243985537879e-01
-1.000000000000000000e+00
9.710987427248336523e-01
5.142246721456290581e-01
-5.730002807953995525e-01
1.000000000000000000e+00
-1.000000000000000000e+00
-1.007371492918150424e-01
6.825125725276791622e-01
5.438052030164992612e-01
9.687965894375424325e-01
1.000000000000000000e+00
-8.864263714275852357e-02
1.000000000000000000e+00
-1.000000000000000000e+00
1.000000000000000000e+00
-8.251722748963509213e-01
-1.000000000000000000e+00
3.405042683699696093e-01
-3.120352246392235074e-01
-5.749752740825968544e-01
-8.679182632341531090e-01
1.849754160314920348e-01
1.000000000000000000e+00
-1.000000000000000000e+00
-1.000000000000000000e+00
3.230474060807306258e-01
6.343469152785355392e-02
-8.853368621885819856e-01
-6.515876991392114403e-01
2.074926813271066040e-01
-3.019717421983492134e-01
1.000000000000000000e+00
-1.000000000000000000e+00
-5.608613793210835974e-01
1.000000000000000000e+00
1.000000000000000000e+00
9.536493377902042212e-01
8.679466434648474005e-01
-1.000000000000000000e+00
1.000000000000000000e+00
-8.004626083531926617e-02
-1.000000000000000000e+00
-1.000000000000000000e+00
1.000000000000000000e+00
-4.191988880253384453e-01
1.000000000000000000e+00
7.135561764561063613e-01
7.002318901366951787e-01
-3.520690881270706063e-01
3.619686666104258155e-01
9.948240457477161014e-01
1.000000000000000000e+00
-7.706172677957573436e-01
-8.593368221443926647e-01
1.000000000000000000e+00
-1.000000000000000000e+00
1.000000000000000000e+00
-1.842315216679255852e-01
9.342546687390030913e-01
1.000000000000000000e+00
4.302551418068977784e-01
-6.129075538631025832e-01
1.000000000000000000e+00
-4.404672755956600128e-01
9.737673263998424256e-01
6.417876767003691807e-01
1.000000000000000000e+00
3.312623718727196187e-01
1.000000000000000000e+00
-1.000000000000000000e+00
2.266672845838192396e-01
1.000000000000000000e+00
9.801488799213871062e-01
1.000000000000000000e+00
5.110473748958937329e-02
1.000000000000000000e+00
2.272945592296093664e-01
-1.000000000000000000e+00
-1.000000000000000000e+00
-9.490792008381150335e-01
1.000000000000000000e+00
5.602089420954347032e-01
1.000000000000000000e+00
-4.504640865927803800e-02
3.931624207418514261e-01
3.374621330126142404e-01
-8.841336063433732351e-01
-1.000000000000000000e+00
-8.014580074362610551e-01
-1.000000000000000000e+00
5.776616729591684818e-01
-1.000000000000000000e+00
1.000000000000000000e+00
-8.524389325160345310e-01
1.000000000000000000e+00
-1.000000000000000000e+00
3.202581627246936513e-01
3.614106463974791073e-01
-2.891010891135028515e-01
9.962358298275761914e-01
1.000000000000000000e+00
-2.598710697045009677e-01
1.000000000000000000e+00
4.609547884090834935e-01
2.571887828275888910e-01
-1.000000000000000000e+00
6.036533382326363384e-01
-1.000000000000000000e+00
-6.787379948042613353e-01
1.000000000000000000e+00
-1.000000000000000000e+00
1.000000000000000000e+00
-1.000000000000000000e+00
-1.000000000000000000e+00
-6.572457333847608885e-01
5.615413403314276769e-02
-2.593150956953797492e-01
-1.000000000000000000e+00
-4.592153393761747582e-01
4.836386196933586956e-01
1.000000000000000000e+00
9.832178619340976589e-01
-5.755072392903276546e-01
-9.761157663478096935e-02
4.283191018922759968e-02
1.368494027001629643e-01
-1.000000000000000000e+00
-6.717950041303176467e-02
-1.000000000000000000e+00
-1.000000000000000000e+00
-1.000000000000000000e+00
5.185824850441570488e-01
1.000000000000000000e+00
1.011488279638203536e-01
5.586069462515610984e-02
5.462477207850100491e-01
8.046989764103453791e-01
-1.000000000000000000e+00
1.000000000000000000e+00
-7.909295397970044217e-01
7.424690512793805652e-01
1.000000000000000000e+00
-2.825219479005957601e-01
-1.549064439316293618e-01
-9.496654070617416288e-01
8.974150455385032643e-01
-1.895456567064831288e-01
2.644842692521373606e-01
1.000000000000000000e+00
-1.000000000000000000e+00
-1.000000000000000000e+00
-1.000000000000000000e+00
-4.774391403383728139e-01
3.920934640090932288e-01
6.480924715320649510e-01
-1.000000000000000000e+00
-1.330275811750035453e-01
9.969225301640093073e-02
-4.291183919528929192e-02
8.023396314311167510e-01
1.000000000000000000e+00
8.023033049163983410e-01
-1.000000000000000000e+00
-1.000000000000000000e+00
1.610990112742868852e-01
-1.000000000000000000e+00
-1.000000000000000000e+00
1.000000000000000000e+00
-1.972463493473619045e-01
1.000000000000000000e+00
7.329007561378404756e-02
1.000000000000000000e+00
-3.459491889380072460e-01
1.000000000000000000e+00
1.000000000000000000e+00
-4.147676750040401039e-01
7.294921977674665436e-01
1.000000000000000000e+00
1.000000000000000000e+00
-8.319774747872005216e-01
-1.000000000000000000e+00
-2.596950216581464348e-03
1.000000000000000000e+00
-9.479817577285927221e-01
-1.000000000000000000e+00
1.000000000000000000e+00
1.000000000000000000e+00
1.000000000000000000e+00
1.000000000000000000e+00
-1.465051788192847648e-02
3.849676140136911173e-01
-4.047842517603846835e-01
1.000000000000000000e+00
1.000000000000000000e+00
-1.000000000000000000e+00
-1.000000000000000000e+00
3.363580915858304099e-01
8.930121118537679425e-01
-1.000000000000000000e+00
-9.313178362504824503e-02
1.000000000000000000e+00
1.000000000000000000e+00
3.142706253636445290e-01
1.000000000000000000e+00
1.038543693263873080e-01
2.033722247401703043e-01
7.662882317259200882e-01
-1.000000000000000000e+00
-1.000000000000000000e+00
2.012266394199399011e-01
-1.000000000000000000e+00
1.000000000000000000e+00
1.826036525990367976e-01
6.281057304162077637e-01
-9.527442450905921900e-01
-4.282659909146495636e-01
-8.440645442244525398e-01
-9.151708012131729575e-01
-3.866856040277525941e-01
-4.899577726278575573e-01
5.232227484145345331e-01
8.117841127232531262e-01
7.211195351595863778e-01
-3.863991465918025225e-01
7.595602014983028338e-01
1.000000000000000000e+00
1.000000000000000000e+00
-1.000000000000000000e+00
-1.000000000000000000e+00
