-1.000000000000000000e+00
-5.816349491702980101e-01
-1.000000000000000000e+00
1.000000000000000000e+00
1.587321970049219433e-01
1.000000000000000000e+00
9.715101592102548533e-01
2.027910484562771565e-01
-1.000000000000000000e+00
-1.000000000000000000e+00
6.024081776767478136e-01
-8.113575055663335700e-02
1.000000000000000000e+00
-1.768599863688152529e-01
-1.000000000000000000e+00
1.000000000000000000e+00
5.648286806594556841e-01
7.390976626380724168e-01
9.785272520756992110e-02
9.127499684626368959e-01
2.830346927888841013e-01
-1.000000000000000000e+00
-6.550658932553596880e-01
1.000000000000000000e+00
-1.000000000000000000e+00
1.000000000000000000e+00
1.000000000000000000e+00
-1.000000000000000000e+00
9.735449610521667019e-01
-1.000000000000000000e+00
-1.000000000000000000e+00
1.000000000000000000e+00
-1.000000000000000000e+00
-2.107786359375369845e-01
1.000000000000000000e+00
1.000000000000000000e+00
5.063767467894895180e-01
9.952762152365851600e-01
-1.000000000000000000e+00
3.181530043240301531e-01
-5.035270976546106676e-03
1.000000000000000000e+00
-1.591082659306984615e-01
7.323219739059609878e-01
-1.276338456244857922e-01
-1.000000000000000000e+00
1.000000000000000000e+00
-5.252783128671355550e-01
-1.000000000000000000e+00
4.456326309392313889e-01
1.000000000000000000e+00
-7.049317362806658549e-01
-6.963562825336904183e-01
4.442458974092696744e-01
1.000000000000000000e+00
-1.000000000000000000e+00
-6.377634365919868653e-01
-9.076504993805549759e-01
1.000000000000000000e+00
4.034448995306536001e-01
1.112336230089429751e-01
-1.000000000000000000e+00
-1.000000000000000000e+00
7.282404363570540440e-01
3.442833130583396462e-01
-7.062317784066948212e-01
-6.438591526552306377e-01
1.000000000000000000e+00
8.793306565357363880e-01
2.462349698293480049e-01
-3.963618355016038652e-01
-6.484997884995010731e-01
-1.000000000000000000e+00
3.648087163617211304e-01
-3.527151590607744969e-01
-1.000000000000000000e+00
6.371205727136745045e-01
6.549587257800150164e-01
-1.000000000000000000e+00
-6.712010583774215000e-01
8.556618456854382382e-01
1.000000000000000000e+00
5.333283024567195829e-01
-1.631342225376526123e-01
1.000000000000000000e+00
-1.000000000000000000e+00
-1.000000000000000000e+00
6.085590871562608639e-02
-6.907165023015578997e-01
-1.000000000000000000e+00
-1.000000000000000000e+00
1.000000000000000000e+00
1.000000000000000000e+00
-4.290366143017348283e-02
-1.000000000000000000e+00
-6.233348110713142765e-01
7.064490543920792787e-02
5.356739636381421255e-01
-1.000000000000000000e+00
-5.084437619144580589e-01
1.000000000000000000e+00
-5.613143702456869777e-01
1.441828338717846547e-01
-1.000000000000000000e+00
-2.736814108096001785e-01
8.751644283242014932e-01
6.617541233083423791e-01
2.611131086897179876e-01
1.000000000000000000e+00
-1.000000000000000000e+00
1.000000000000000000e+00
2.423941241507185929e-01
4.569057023351706381e-01
-6.053963475664912997e-01
-1.000000000000000000e+00
-5.624292326347163362e-02
-6.812341409776250245e-01
1.902517033577575678e-01
1.533523102953513184e-01
-1.000000000000000000e+00
-7.262640848282619910e-01
-1.000000000000000000e+00
-1.000000000000000000e+00
-6.726886215833262073e-01
5.967039230349135970e-01
1.000000000000000000e+00
9.069390005341844141e-01
8.185145236854916018e-01
-1.000000000000000000e+00
6.823444453211093830e-01
-3.829150750236748335e-01
1.000000000000000000e+00
-1.000000000000000000e+00
-1.445735973934705876e-02
2.938057595198496907e-02
-1.000000000000000000e+00
-1.000000000000000000e+00
-1.000000000000000000e+00
-8.119478777732965780e-01
1.000000000000000000e+00
1.727026397363325139e-01
1.000000000000000000e+00
-3.045601879753201402e-01
4.069862860729636655e-01
-2.647542220890877762e-01
-5.943047278277342471e-01
8.585333888491493148e-01
-5.247538793316186556e-02
-1.919357855451853390e-01
1.000000000000000000e+00
1.000000000000000000e+00
-9.020270664707675801e-01
-8.291465471320567104e-01
-2.339347362068063818e-01
-1.037443881379457658e-02
-1.740288970937094171e-01
-1.000000000000000000e+00
-1.000000000000000000e+00
1.000000000000000000e+00
8.658794069971784690e-01
8.914002623075399923e-01
3.941920609506959217e-01
1.557153246099975130e-01
1.000000000000000000e+00
8.687590298507196218e-01
-2.438740149151949199e-01
7.133999417511192043e-01
1.000000000000000000e+00
6.289776811078605367e-02
4.675617766178614132e-01
4.021879544141918061e-01
-4.188370978317033644e-01
-1.000000000000000000e+00
-4.577914382195386045e-01
-1.000000000000000000e+00
1.000000000000000000e+00
-4.340355403934808010e-01
-7.035094160438745137e-01
4.250157515695499599e-01
-3.714047909074980613e-01
2.190085475336925047e-01
-7.952814249803463742e-02
4.628456150297515781e-01
8.232235127735119118e-01
-1.000000000000000000e+00
8.362691235908331633e-01
1.000000000000000000e+00
-6.821117869737496342e-01
-7.727326637668850973e-01
7.467408857331766514e-01
6.931622272443620503e-01
2.688090854284871378e-01
4.204446454626392105e-01
2.724163928721421990e-01
3.292906225257299369e-01
-9.251434116177907896e-01
1.000000000000000000e+00
1.000000000000000000e+00
-1.000000000000000000e+00
-3.569879643453887641e-01
3.108155290799214931e-01
-1.000000000000000000e+00
6.803963163490623911e-01
-9.397789799261173638e-01
1.121697302111572536e-01
9.559216665719211248e-01
-1.000000000000000000e+00
5.766180441107577881e-01
1.000000000000000000e+00
-3.296693030890883724e-01
-9.001980421438101621e-01
-1.000000000000000000e+00
-1.000000000000000000e+00
1.000000000000000000e+00
-1.000000000000000000e+00
1.000000000000000000e+00
1.000000000000000000e+00
-1.000000000000000000e+00
1.000000000000000000e+00
-1.000000000000000000e+00
1.000000000000000000e+00
7.991086206245752166e-01
-9.031805837972952666e-01
-5.638775114177066450e-02
1.000000000000000000e+00
1.000000000000000000e+00
-2.078209700421908557e-01
4.391391731610054805e-01
-1.883040119723656813e-01
8.441975162033591440e-01
-6.866812608006157559e-01
-1.000000000000000000e+00
-1.000000000000000000e+00
-1.000000000000000000e+00
1.000000000000000000e+00
1.219825339720044116e-01
4.886970169843043443e-01
1.000000000000000000e+00
3.501044732019709116e-02
1.000000000000000000e+00
-7.173283531829001136e-01
2.875428321810070686e-01
-1.000000000000000000e+00
-5.907842584365750049e-01
-1.000000000000000000e+00
-1.000000000000000000e+00
1.000000000000000000e+00
4.047047985703207673e-01
2.662545356037345629e-02
3.088172321793435926e-01
-7.208042434272399213e-01
7.481251462558068110e-02
6.420714868730067471e-01
-9.805295117477212316e-03
1.000000000000000000e+00
1.000000000000000000e+00
-5.385051319740669085e-01
-5.642907769487494063e-01
8.738641810662868270e-01
-7.422209256357641394e-01
-6.768468597028303169e-01
1.017407940959527430e-04
-1.000000000000000000e+00
1.000000000000000000e+00
9.860161877019083532e-01
