7.481193578269662581e-01
-5.827530284777507896e-01
4.600447819999546883e-01
-9.779624439402585523e-01
7.528324856774637475e-01
6.666812602448255465e-01
8.237398631807697491e-01
-7.906590239205214532e-01
7.215648553835853907e-01
2.647434273687410133e-01
8.621861082499769902e-01
-1.641333924739119821e-01
-7.332451591559968618e-02
1.498153158009007113e-01
-4.233388280964778261e-02
3.320374851932819671e-02
-1.488644734106356060e-01
-8.451890084022279925e-01
2.672505041613233434e-01
-9.880411075427768530e-01
8.192502539276516060e-01
-4.891426515662965491e-01
7.382442309125128999e-01
-6.558931175180200412e-01
7.888344782961884682e-01
-1.066358427909270823e-01
7.303737135937478087e-01
8.224866603964295919e-01
-3.986413695743973307e-02
2.521149721802819488e-01
-9.539326629270032942e-01
-8.329594579182633129e-01
-5.745036897918611718e-01
-6.409226123533642294e-01
6.835544978139115324e-01
-2.464737050331533563e-01
9.146858034439788732e-01
9.728234177427008689e-02
-1.000000000000000000e+00
9.246935220089869123e-01
8.159274233147373323e-01
-6.039134057976305314e-01
4.745000515308388511e-01
-9.353724844679087713e-01
-5.053262950460457592e-01
-1.254001134556097519e-01
-1.440422176571805601e-01
-4.031268010459880813e-01
1.000000000000000000e+00
-9.749963716145426673e-02
-5.517111826433963584e-01
1.702313395529774787e-01
-6.762652003692846137e-01
7.394767773821406820e-01
-2.301987345533855200e-01
1.292009520191461647e-02
-7.141459135389198742e-01
-1.579028479073370517e-01
2.670739573342262863e-01
-7.441706368735372390e-01
-3.746795707317795987e-02
-5.289260467883645234e-01
9.011425516565678695e-01
-4.666263701293279498e-01
-4.781452562084833602e-01
8.228427684715067247e-01
-1.657170100229703458e-01
-6.981218144458239960e-01
-6.687333550572398533e-01
6.257744105349478669e-01
3.053584711545043184e-02
8.206847741804708107e-01
8.896617730706488647e-01
-6.558267224217466662e-01
-8.592674418318936302e-01
7.545244168626943915e-02
3.771876219804623509e-01
5.064207703668833771e-01
-1.196557045999986357e-01
-5.468724343891716577e-01
-8.145425571996076641e-01
8.068840177645275613e-01
5.986444011162021447e-03
-6.435292175008131554e-01
-2.396356896887945620e-01
-4.496647472543349178e-01
6.912802767543793081e-01
9.125280679983009957e-01
6.815471419883024629e-01
-5.590518741016599069e-01
1.714476522624013288e-01
3.716810462331064380e-01
-1.273994044011603488e-01
-5.522224648649981527e-01
6.073585246617150268e-01
2.305090909620265971e-01
1.110527310295413711e-01
8.288982614608311761e-02
5.541670453696454501e-01
-3.669333663093232722e-01
2.789571533550114779e-01
8.961317883495731329e-03
-7.095436147557414586e-01
3.863938862933866680e-01
-9.174390740583010517e-01
-3.677260642271364954e-01
-8.334821249406961785e-01
-3.209248962052547727e-01
-9.371183816937521671e-01
-1.000000000000000000e+00
-3.911010698607026992e-01
-1.000000000000000000e+00
-3.703550407148256118e-01
-3.439365914712890770e-01
-4.320851780030925404e-01
-7.100815363185863927e-01
1.371523286140945430e-01
8.580394917829954338e-01
-7.094346336952073173e-01
3.732473868669745620e-01
-9.643624602120869360e-01
-6.781891632830554517e-01
8.457626528763675378e-01
-9.345101566602025400e-01
-6.421650948221725441e-01
-8.107985792721197349e-01
4.846237273168236825e-01
8.247848771152631597e-01
1.904412547383451670e-01
5.198209405944003159e-01
-9.055945514629935023e-01
-1.134747037720378326e-01
5.942154787229323443e-01
-5.680714927192842545e-01
7.040437481631582894e-01
7.257982706830534703e-02
4.687904121865051343e-01
-9.889843874069822460e-01
-2.525207054293130415e-01
-7.986911037726192042e-01
-9.251800390628048820e-01
9.831525960635207895e-01
-6.178277290214375661e-01
8.631603772470897162e-01
5.312846386444323166e-01
-7.990756732322419342e-01
7.249700884347084484e-01
-4.189168433738310604e-01
1.777792269343678733e-01
1.000000000000000000e+00
7.767910731657690082e-01
-6.293537929624484217e-01
-5.437175356464998277e-01
9.914855639194366521e-01
-8.214145878153551461e-01
8.121929722708591814e-01
2.067670529360023934e-01
-3.510503789895194071e-01
7.939790868349789754e-01
-4.095127170178319842e-01
7.947563374832931071e-01
-7.641891806818534860e-01
-7.770830613813193288e-01
-6.887585628661911930e-01
-6.513696276271774277e-01
-9.990510231568783261e-01
-7.831573711385266812e-01
2.122138571641853932e-01
4.735287683740148634e-01
4.630411203269442222e-01
5.113941667451302742e-01
-1.726566364391621256e-02
5.804442476846213839e-02
5.868295933375762274e-01
-1.214878409225506051e-01
-1.000000000000000000e+00
-1.972445130800632995e-01
1.869806803645703841e-01
-4.606534690167321533e-01
9.701101790737911568e-01
-2.445766937226556692e-02
7.775299240136038792e-01
-5.042169197604413622e-01
7.646835176291907343e-01
-1.578600525036504276e-01
6.216842536444974199e-01
7.616014641118353801e-01
6.616498095189166095e-01
-1.802102734039912058e-01
2.409911471970773988e-01
-1.702369894888068058e-01
4.863503366500387948e-02
7.681952638905814590e-02
-3.568511376626453124e-01
4.686046129563247176e-01
9.406175437518381477e-01
-2.807813705411390526e-01
9.484574170925536007e-01
-6.974086610433720690e-01
7.084454682877865395e-01
4.339427777031457101e-02
1.145713995985184752e-01
-3.126528287143992557e-01
-8.260742955829472045e-01
-4.888120593670735037e-01
-9.092892901206177658e-01
4.863007041977002176e-01
-3.722993859295243430e-02
6.291948561584657096e-01
-8.456182736656280702e-03
-5.872702991586473686e-01
-8.565292313488761522e-01
3.926149551830993012e-02
8.495995970031717803e-01
-6.037937908769150930e-01
3.416507644246624675e-01
-5.129311053794878283e-01
7.496437663782102856e-01
9.668125579384234669e-02
1.673145226849221956e-01
3.967135224800887733e-02
-9.841738358310488932e-01
9.253617430861805770e-01
-4.491907872447000183e-01
9.986779635053191218e-01
-5.814568177609918953e-01
6.066426659137025279e-01
5.170564651132055767e-01
6.562721250420069374e-01
7.517195962976908064e-02
-5.673744657994497231e-01
6.903048846942796413e-01
8.354328300371680616e-01
5.386355371103305201e-01
7.395203728910790808e-01
4.190483860127340865e-01
3.483772284929997909e-01
-3.489344236781066755e-01
7.402754200470222923e-01
-1.000000000000000000e+00
1.667704481734151312e-01
-5.783043426756669936e-01
9.280974687376000176e-01
4.367694985637979865e-01
-5.427415007770985955e-01
4.114545257189814453e-01
9.903239550639222899e-02
9.405298763865905798e-01
-2.079061297868603497e-01
-8.641695459947960067e-01
-2.153177690815260836e-01
-8.088040292735028114e-01
4.544620159630687883e-01
1.000000000000000000e+00
9.861983318304190504e-01
1.423636638332563820e-01
8.941744356110096215e-01
-9.659006856054449530e-01
-6.013774947283634376e-01
-2.628193628532172199e-01
-7.176200168744708563e-01
-2.933877406753631067e-01
7.457750978704786871e-01
-3.254330623220842433e-01
1.000000000000000000e+00
