-2.354886152730035764e-01
-9.384141271394280670e-01
-8.573499319934531071e-01
7.601274233144243997e-01
-3.331627822368420921e-01
7.239111094750935171e-01
-5.927983977167787799e-01
6.118837255479305653e-02
3.737060015575338068e-01
-2.159490627329214152e-01
5.228404576130686321e-01
8.763794130435544893e-01
-3.330729010426053960e-01
-2.100734092555329169e-01
7.122646890716386459e-01
-9.309923875741074051e-01
-8.198476133035585700e-03
8.458598510704460338e-01
-6.100953484180262620e-01
-4.622345680603581197e-01
1.871230841749204066e-01
7.745871083948460134e-01
-5.191131813460343469e-01
-9.674130658589482623e-01
8.653449755432788271e-01
8.975468332487431811e-01
-1.000000000000000000e+00
-9.078919969326553208e-01
5.908780762352657812e-01
-5.767916448581106303e-01
-2.174879997871283777e-01
7.951704239606609548e-01
5.550636851172543462e-01
1.534961778709717506e-01
-5.795311904748270404e-01
-1.535459607687225114e-01
-7.666058348892632601e-01
-7.689943091684905974e-02
8.118843015183744294e-01
7.982993575426113875e-01
1.000000000000000000e+00
4.129052063166479547e-01
8.141684284535659621e-01
4.093256494447519156e-01
3.425357436518270959e-01
2.586824899335727901e-01
4.746228689350620589e-01
-3.234256893079706097e-01
-5.492004863222053057e-01
4.739120918005065852e-01
7.857690341072226525e-03
7.806597174724488886e-01
-3.416461332445970278e-01
-5.461001657858717273e-01
1.918433386035373334e-01
3.600362550785909388e-01
9.886413188793639062e-01
3.808022578862974572e-01
6.319455493111056921e-01
5.644872517735561868e-01
-7.040954990851980844e-01
7.069299839889732484e-02
-8.454567452487623536e-01
4.616604455806248009e-01
3.115510820782557699e-01
6.425559422787432418e-01
4.090870742654059145e-01
2.611802794956779028e-01
2.112866414817973770e-01
-4.178523218403423223e-01
3.089701364857426191e-01
1.528685517009542583e-01
-7.991035008384468341e-01
8.274647158039430961e-01
-1.914016899728941401e-01
1.000000000000000000e+00
1.000000000000000000e+00
-3.470080825134697622e-01
5.786900837452898516e-01
3.210312457396020669e-01
-9.169162377120343432e-01
9.876088046044341484e-02
-5.360573441301814679e-01
5.223051589238389969e-01
-7.673653500987600573e-01
-8.382155110560385314e-01
5.214236966858682987e-01
4.461853396901666047e-01
-1.378052146905905939e-01
-3.800850106180297949e-02
-4.733976412301000303e-01
-8.446691040168753384e-01
-6.905626717665198644e-01
-2.192321662680328243e-01
7.322955637420971442e-01
9.902772765691358892e-02
8.985746235739269228e-01
3.129600954253380918e-01
-5.994506472114111695e-01
7.946648603867991767e-01
7.114968005913219207e-01
8.696595983875887725e-01
8.082004611173602138e-01
-1.917355997885969998e-01
-6.383546550649619178e-01
5.078193058805676730e-01
-8.454115391369680932e-01
-3.668344761309376700e-01
9.463307996611884931e-01
4.942898356764373613e-01
-4.202549066585996307e-02
4.729327527473725645e-01
-5.500776403580114327e-01
-5.358574511056610756e-01
-8.230199170239735906e-01
-1.928248149501388120e-01
-7.299710158495182899e-01
-5.280335250521548396e-01
9.366971892153154178e-01
-3.364037070730458434e-01
5.138229580996394041e-01
7.114865469886698657e-01
-1.783871566659416819e-01
-3.622282641877954124e-01
3.591883979873549126e-01
-1.107763612998958341e-03
-5.382772669095026163e-01
5.389888057348024564e-01
-5.566559774253990178e-02
-5.814084730843860349e-01
-3.509918925927328903e-01
5.230151804705185370e-02
-4.908191743764293014e-01
-4.905443497114553297e-01
-8.975163577481528598e-01
8.148920466495939152e-01
-2.455321911534874557e-01
9.157120739024060541e-01
-3.107756206926349796e-01
2.916910129880462277e-01
-8.799853237494942304e-01
-8.043705993316024871e-01
-7.347989821175948677e-01
-6.392842848035333869e-01
-2.740326972920091309e-01
-1.045075350215407956e-01
-3.762774675226767673e-01
3.669600532177352825e-02
7.111456309619510474e-01
-1.227378614110435223e-01
3.374071461415047990e-01
-9.070997917183725168e-01
5.744860004311019841e-01
1.912053990292492400e-01
-6.036751023031795560e-01
4.336848108507884714e-01
7.334777999872321708e-01
9.718817695258591405e-01
7.426518749742566650e-01
7.892946357595229667e-01
8.962400247480550863e-01
9.845765138942705885e-01
-5.832704528135062017e-01
1.506250513052556361e-01
5.091050252461661041e-02
2.357907885989929397e-02
-4.867805281846953047e-01
-7.826433781568382653e-01
-4.960965692441388075e-01
8.653333383186176953e-01
9.776014695321255665e-02
-1.679211001029322359e-01
6.972524152326631253e-01
2.889960594469909161e-01
-3.507987454580513420e-01
7.828455326208827447e-01
-2.878430986623617960e-01
6.655974423930000050e-02
-3.729447494355502268e-01
-2.247187297814026707e-01
-3.593908771360347920e-01
-3.694122349800346150e-01
-8.821606695164054823e-01
1.422866698090576865e-01
8.241049582775131777e-01
9.820810838363582818e-01
5.208115831510209404e-01
9.214791975677032454e-01
3.424846841221511617e-01
-8.020647706415418021e-02
-1.051554677422312789e-01
-8.300656889988098364e-01
-8.960710108976857047e-01
-8.081782630282710045e-01
8.950742746790663062e-01
3.736370286034143007e-01
-1.012958220174087209e-02
5.261131834084098458e-01
8.181784518147570129e-01
4.208898504829499676e-01
-8.010382926016644811e-01
5.655974480275330896e-01
1.631323330800029947e-01
4.583821112507651119e-01
4.649634526580974092e-01
8.730319758724596202e-01
-7.344750445121144278e-01
4.804333731500405325e-01
-6.619858941319920476e-01
-3.557406242227538762e-01
4.872728626390027129e-02
1.348183237942173207e-01
-2.453565662884366616e-01
-4.930485769219614678e-01
-1.375713572086256775e-01
7.413622505879209346e-01
-1.051032941816335275e-01
9.534707682770935389e-01
-9.143634502567006272e-01
-1.753411281759491569e-01
8.124999398280983165e-01
-9.253416262239289036e-01
-9.986021713325572424e-01
9.282759654280938744e-01
-8.625006807541768517e-01
7.134804327781945066e-01
-1.000000000000000000e+00
2.938423549402724433e-02
6.757537919160641060e-01
-2.754102442946759766e-01
-9.308620965483800358e-01
6.877465422498337810e-01
6.654348400031773192e-01
6.606158239842935265e-01
3.854059634339295215e-01
-8.142619703639955020e-01
4.747323434035679024e-01
-7.909758426347119897e-01
9.642770417459423093e-01
9.058485315706379382e-01
-2.073674673418918202e-01
7.692088182885793435e-01
9.994707553315934634e-01
9.315824891937644070e-01
-3.642446066683737715e-01
-4.236688232694235667e-01
-4.716257290832090998e-01
-9.013208401324319663e-01
-7.883815477079459955e-01
7.555143015764904657e-01
-9.474217314522692668e-01
-7.730182179240900620e-02
-7.540592149444003134e-02
-7.443512482293146437e-01
2.788693438533809132e-01
3.278480853214350565e-01
6.253366212303737015e-01
-8.522720489258593934e-01
-6.107162952344724616e-02
9.703692549908149445e-01
-8.652652875860888937e-01
1.187813248829363844e-01
9.155265420948974775e-01
3.093413799360810179e-01
-5.726664206307954252e-01
