-6.329908965224054773e-01
-8.455745972987346315e-01
3.765485359388556219e-01
-7.341554338935469826e-01
3.208880082724684391e-01
-2.141076383411575496e-02
1.000000000000000000e+00
-9.660052034772868002e-01
-4.594939616329865029e-01
-3.606072131280171345e-01
-6.198065791368723154e-01
8.449487783107008099e-01
-5.092702800148144471e-01
6.276877435505355818e-01
4.468941861718990216e-01
2.180253889062619410e-01
1.000000000000000000e+00
5.984242384952438432e-01
-2.385906355236404597e-01
-3.557022926694342058e-01
-3.518847014394032580e-01
1.334282788443975076e-01
2.856958649784239745e-01
-9.640731461424509874e-01
6.172499418002121985e-01
-5.864097034293749289e-01
5.336301343747598125e-01
9.025264372215155984e-01
-7.326647914503218173e-01
-1.304530059800855235e-01
1.464067144774860996e-02
-7.190614627745142151e-01
1.259277143037637048e-01
-1.000000000000000000e+00
6.888076702300589549e-01
2.627098985775364604e-01
-6.325363784121227351e-01
1.000000000000000000e+00
-1.403801105555841679e-02
9.585297232788925204e-01
-9.798057393443384555e-01
1.025703610097175728e-01
7.601726718502332947e-01
-3.432007620318390240e-01
7.727392145548137026e-02
6.395998893966446941e-01
-1.000000000000000000e+00
5.640517218164022850e-01
-6.741688562214627201e-01
-7.209715785435372171e-01
-6.305001652039158300e-01
-5.669037117320379071e-01
-4.761156524610212215e-01
6.624602041892162507e-01
-4.831645358922468936e-01
-7.767155824101393824e-01
2.748420066958883745e-01
-3.765040718919719920e-01
7.754414685137123175e-01
1.000000000000000000e+00
-2.293542821661999631e-01
2.478826293075808151e-01
1.366728804588244750e-01
-2.956078129599446491e-01
-3.072065080666226411e-01
-7.478714469454561531e-01
-2.569632041812984768e-01
-6.204611761093390410e-01
-7.670988926747375203e-01
5.435138346029729783e-01
-4.330780811708602740e-01
-6.001406308088680364e-01
-6.047413268561651067e-01
-5.571445154942378242e-01
-7.986237761455092787e-01
3.669674791781474266e-01
-1.000000000000000000e+00
-6.269423214053411186e-01
3.211890197151918147e-01
-4.032126878537218850e-01
1.000000000000000000e+00
-1.641041367521444694e-01
-7.998496990104264626e-02
3.530980886210559055e-01
-8.492885704619912435e-01
-2.079010013999107176e-01
6.273502712401746173e-02
-6.876358037480114760e-01
-3.827920583113015862e-01
2.074508639562824275e-01
-8.530904440891340368e-01
2.329309517916225425e-01
4.104788738006338589e-01
-4.341787991402106250e-01
4.376822795843964276e-01
3.981481658411345492e-01
-8.503642861825728705e-01
1.698340498435965684e-01
-2.325351340564199010e-01
7.476777389015243358e-01
7.336328222735126747e-01
7.308062847155907260e-01
-3.448404970474676645e-01
6.785552279014832600e-01
-4.926533479983603581e-01
-9.439190528274487013e-01
-9.150558907091845828e-01
8.217353925871306863e-02
-8.407377835005376276e-01
7.103572378878566518e-01
2.814014334431874653e-02
8.436647948244169193e-01
7.966297275000022715e-01
-6.335293942262854028e-01
-5.222095549654517388e-01
-5.099058628171898588e-01
3.371168348853808006e-01
-9.737321777257346156e-02
5.621439285536158348e-01
6.146624192445504509e-01
8.332429571988386741e-02
-6.916451594396763047e-01
1.353300913610799849e-01
1.000000000000000000e+00
-2.565729297660390706e-01
1.099773391224773689e-01
4.199571961133552467e-01
3.579391731238075192e-01
9.505864954472867390e-02
-1.260364404917047043e-01
2.027435965583253008e-01
-2.405405790404130384e-02
1.996720675709430237e-01
7.315396424339755121e-01
-1.250299389764363001e-01
7.980449148105387414e-01
-5.187628284219596431e-01
-5.551486525292036456e-01
2.096619717659333748e-01
-7.402134371974792293e-01
9.247815297262467205e-01
8.651814052684771994e-01
4.637770173313848776e-01
-6.864518446997347478e-02
-8.059960846190717954e-01
4.488320788337035183e-01
-5.240733098308744120e-01
-4.973186058853366065e-01
5.890909310031570145e-01
-2.550025193841783944e-01
1.000000000000000000e+00
3.784036873984909510e-01
5.769427225966466954e-02
7.766237488395811850e-01
-3.810052561814053496e-02
-1.788641203136260294e-01
-2.291677032228372768e-01
5.817520614834661985e-02
-4.693207260201042175e-01
7.756794859123314900e-01
7.622314072322013967e-01
-5.403241069139644859e-01
9.621018570255253088e-01
-4.961292970295427818e-01
-6.418240508651946730e-01
-4.896510593165466774e-01
-8.338152031275818110e-02
7.766876261834032569e-02
6.808209055794837150e-01
-5.466185984493601158e-01
-3.753912774003705377e-01
-4.783274337585446956e-01
-8.853340999864426353e-01
6.253978879465977858e-01
6.326996026240562232e-01
-6.237274838601248872e-01
-7.499955945889661413e-01
9.717645615495085210e-01
-1.000000000000000000e+00
-8.898684490900357069e-01
2.676151888334565854e-01
-8.516611304039143349e-01
-4.193301868676826416e-01
7.889887697974152792e-01
-1.656730034618294489e-01
1.000000000000000000e+00
3.087697027692312690e-01
7.360570071617211774e-01
8.672489768991757941e-01
-3.999523910239417002e-01
1.030065485464815855e-01
-2.832592820005108702e-01
-9.115407835584783403e-01
6.286251965529993102e-01
6.323183597645052334e-01
-9.431620937576394859e-01
8.696939201773967731e-01
8.415400638414047840e-01
8.683935497183671304e-01
9.974309431372263557e-02
-1.993893912548652669e-02
-9.711425660484280797e-01
1.587623551975603509e-01
7.697881138299400572e-01
-5.250499089831471844e-01
3.088437067980789319e-01
1.000000000000000000e+00
2.744746491898053531e-01
-7.547352264312511272e-01
-4.817034417028578375e-01
-5.575336929489193016e-01
6.119236248525824484e-01
1.226180868756881898e-01
4.282891213156767019e-01
9.655634774571897339e-02
-7.156177348928466353e-01
-4.856035430605035175e-01
2.074389496772594821e-01
5.020386196807204993e-01
-6.737886638148442298e-02
-4.973689759495200646e-01
-4.646552046695355820e-01
6.252298976690779941e-01
2.089313208566382085e-01
5.249832439738666423e-01
-5.581706641305139716e-01
3.511206118175497770e-01
5.417213585521657437e-01
-6.360452153318243429e-01
-3.119011999946098568e-01
-9.321980506156574142e-01
8.174263713809751253e-02
-7.713260963595540698e-01
-3.124164848442783637e-01
5.136484610613549773e-01
-9.476018234855310141e-01
-2.789572585755311085e-01
7.185853290255597159e-01
7.739168576423252066e-01
-8.740668424325845898e-01
-8.872099556675339116e-01
-4.927431632035173537e-01
-9.283183129663773459e-01
8.578171848854766468e-01
4.775275484242220703e-01
-9.219317233248067733e-01
-4.759973163729027679e-01
-5.142824084299721932e-01
4.534738804086609898e-01
-7.147168655926924297e-01
5.161340908592472188e-01
1.085553392981450371e-01
-1.987843142062503121e-01
3.697766578311606489e-01
2.453571477850463034e-01
-4.700837296010372257e-01
-6.466352746941772534e-02
5.362958459832128932e-01
-1.058287807087968102e-01
-2.494616694786920830e-01
5.172107030139982964e-01
-7.894459716031130281e-01
3.287849851639494392e-01
2.163339936268032782e-01
9.586623767419549802e-01
