-7.610501118566043166e-01
1.000000000000000000e+00
7.312618287832260977e-01
-9.640445784808413521e-01
1.925862728860923412e-02
-5.154326676238059068e-01
2.690060513418628951e-01
6.666379060624184894e-02
-8.758602740519358942e-01
3.081912939929645212e-01
1.514007422376043577e-01
1.000000000000000000e+00
-9.298976605969577758e-01
9.319658405822979219e-01
-3.452735521603005897e-01
-7.014364561995666270e-01
5.331732985206509845e-01
-7.081734874171170535e-01
9.610305575465952765e-01
1.000000000000000000e+00
8.822869174446144047e-01
-9.960012264413550254e-01
-1.891286733229401440e-01
2.149689645644990710e-01
9.657018201530803703e-01
9.027887027698624500e-01
9.777885401057300196e-01
-9.653232354315902652e-01
1.695919318720130187e-01
9.667397948597435953e-01
-9.914605554359551265e-01
-6.502772759576657124e-01
7.753315503882732274e-02
1.000000000000000000e+00
-1.000000000000000000e+00
9.712333527741929817e-01
-3.589068068581879323e-01
-9.554014345679778808e-01
-1.000000000000000000e+00
-9.628054594322045245e-01
-1.000000000000000000e+00
1.632095842462671365e-01
9.625503292081979412e-01
8.674430769945509212e-01
8.850326674148258077e-02
3.150129869765559976e-01
-5.963069877019921972e-01
8.651437256916492125e-01
-7.445951150101367544e-01
-6.193367651138592667e-01
-1.000000000000000000e+00
1.000000000000000000e+00
-1.000000000000000000e+00
1.000000000000000000e+00
1.000000000000000000e+00
-6.871567138256767793e-01
3.445261760575237808e-01
1.000000000000000000e+00
-6.356647041659752029e-01
-1.000000000000000000e+00
-5.248318719308487923e-01
-1.000000000000000000e+00
-8.819800209000601132e-01
-8.404291286930914984e-01
4.318852181418103564e-01
-6.906784812122607198e-01
-5.134641947833099573e-01
8.043405527786023912e-01
-1.988852716555654654e-01
9.177964257154431760e-01
9.722586562797693732e-01
9.846451381379782708e-01
-8.778550349567266764e-01
6.806274424258201838e-01
1.000000000000000000e+00
7.662620949728400355e-01
-9.980054057246818822e-01
9.975861050899872406e-01
1.000000000000000000e+00
1.146993066138626283e-01
-5.758307192868669100e-01
1.382277610661093725e-01
-2.499581887148035753e-01
-5.192878596375356537e-01
8.909676226111015174e-01
-6.923763510193708948e-01
-1.000000000000000000e+00
-2.981186996565703962e-01
-1.251460322575264072e-01
-1.000000000000000000e+00
2.531787653431409324e-01
9.782253529677694681e-01
-9.314377473247159589e-02
6.434956307860283387e-01
9.835809106482565900e-01
4.363758699567669708e-01
-3.457537557467076916e-01
7.708053299630032162e-01
9.854342415040348024e-01
9.313729904116765379e-01
9.794676755977756999e-01
3.032905700985060946e-02
8.770652609015578971e-01
9.394951539961968745e-01
-9.938945815643567272e-01
1.000000000000000000e+00
9.847381596432247530e-01
-2.741065188373088546e-01
8.951634100967805763e-01
-9.855282534906182335e-01
-9.101599141302024742e-01
9.810733369306726681e-01
9.629246060312328659e-01
-2.497631391140129886e-01
7.705199928322201131e-02
5.397176656981433895e-01
-7.417183691498354658e-01
-3.498275968150876269e-01
4.318289993059855336e-02
-9.982309473052179971e-01
4.596759972578248199e-01
-7.372793592464114143e-01
-1.711942124419952860e-01
9.942032531073897728e-01
-1.109479883939800959e-01
-9.666800265994481833e-01
3.523597236964195467e-01
-9.870556079522139203e-01
9.632850948180381456e-01
-2.253989480647873855e-01
-1.000000000000000000e+00
-1.000000000000000000e+00
-2.846025774247579188e-01
1.000000000000000000e+00
1.000000000000000000e+00
2.654914188195567348e-01
-3.414566633916720217e-01
1.469440608066541754e-01
8.892610054914645845e-01
2.718581320510775612e-01
1.629979371270502131e-01
-9.910947134553832472e-01
1.000000000000000000e+00
8.699744502477056995e-01
9.609148452871647539e-01
9.405064523762676210e-01
-8.138138794093120465e-01
2.384149234734597722e-01
-8.813653360037080331e-01
9.199067931720286140e-01
1.000000000000000000e+00
1.000000000000000000e+00
-1.000000000000000000e+00
8.798321509873107127e-01
-4.898775873594549135e-01
3.993370685272040199e-01
-9.881537864030947027e-01
1.000000000000000000e+00
-1.000000000000000000e+00
6.694228297491370272e-01
-7.582875681114812361e-01
-9.907172498208117739e-01
-9.243512291673806613e-01
8.856121783644052003e-01
4.466186298414845379e-03
-5.596252718574922236e-01
-4.122679737887312568e-01
-9.531221611268926308e-01
-8.313110888301045165e-01
9.990543389655069939e-01
-7.199942716074688720e-01
-4.093045070760640280e-01
-9.786288229814432693e-01
-1.000000000000000000e+00
4.130942801932210862e-02
6.079180368437576698e-01
3.827550001718220685e-01
2.795777856972461173e-01
-2.595911453519948453e-01
6.322120679569608326e-01
-1.000000000000000000e+00
-1.000000000000000000e+00
8.494769525910454977e-01
-3.959730325629866599e-01
-9.753686409880544250e-01
9.308306199511110490e-01
3.391284045377137568e-01
1.000000000000000000e+00
-7.972044768038818452e-01
-1.000000000000000000e+00
1.000000000000000000e+00
8.968102303624445604e-01
-4.804362659540824254e-02
-1.000000000000000000e+00
-6.437013478737745320e-01
-9.859382827436179442e-01
-6.784022699222456154e-01
4.114934967041756209e-01
-1.000000000000000000e+00
-9.439802650151898344e-01
1.000000000000000000e+00
-7.528606620733968580e-01
-1.000000000000000000e+00
-2.716979673901612768e-01
-8.536539986804210223e-01
1.000000000000000000e+00
-2.458086573382140330e-02
-9.344131408641478398e-01
5.858447858965338817e-01
-7.203603490963481626e-01
-6.568530710225566338e-01
4.761360671180852600e-01
9.942165603842032517e-01
4.072081130829994372e-03
-9.446852289955069981e-01
-9.420337658587509821e-01
-2.243058740857986622e-01
1.000000000000000000e+00
5.136553473231337819e-01
5.513542998369059811e-01
1.103295500339897608e-02
-8.251234143441288360e-01
-6.853919969492917597e-01
-6.256755042103943065e-01
-4.925047211000945224e-01
5.456064831662701398e-01
1.000000000000000000e+00
1.002611446337062784e-01
9.872335416483962733e-01
-2.359034954009606722e-01
9.704559344813105115e-01
-9.181652895894906186e-01
8.658265944084284627e-01
9.789566553908101154e-01
7.268818548148813230e-01
6.968243963189175716e-01
7.617818098394829596e-01
-2.472119239962560500e-01
1.566056117470879805e-01
8.933228678189267802e-01
-6.001142119943438935e-01
2.245299716793695832e-01
1.153622772075080238e-02
9.816365699778261122e-01
1.000000000000000000e+00
-6.728157386685817976e-01
2.168623711162900314e-01
-1.281398207253973409e-01
1.000000000000000000e+00
3.042036221714073951e-01
-9.337756508235600661e-01
7.868832165460154515e-01
9.059368121022997045e-01
-9.473278336076563777e-01
-2.588815407955632475e-01
7.598487263600500752e-01
-2.751962728524746243e-02
9.954444836667580843e-01
2.969321391535515442e-01
-2.463399870206610665e-01
1.000000000000000000e+00
-9.474989050952623559e-01
-6.595186998129598521e-01
-9.406095242286351965e-01
9.931009063758223787e-01
