-1.000000000000000000e+00
-5.900517629722970003e-01
-3.861736652022505767e-02
7.051527773477885841e-01
-3.858004199713464533e-01
1.000000000000000000e+00
-9.365598907017627095e-01
-6.844627361454596048e-01
7.164462721814193191e-01
-2.529771972916234901e-01
4.767370310432426650e-01
-1.321140439300994562e-01
-9.942599631603740162e-01
5.526035016157913038e-01
5.834701513634947823e-01
4.312467795273532412e-01
-1.000000000000000000e+00
6.539112129714195198e-01
-9.608122362691801088e-01
8.925619674151407112e-01
2.390637600965949960e-01
1.000000000000000000e+00
-6.111671823118930424e-01
9.862975473213663191e-01
1.000000000000000000e+00
7.848701301873809433e-01
-7.709709208095306687e-01
-1.993889274852338189e-01
7.043532877034361372e-02
-9.899526824315600937e-01
-2.265178922730884670e-01
3.613349640321304457e-01
6.781740181876528828e-01
-1.040958465994927529e-01
-4.838174654234078109e-01
1.614316514484176179e-01
-5.784932273950387643e-02
2.276848729017241085e-02
3.207297538650108470e-01
-1.000000000000000000e+00
6.567750408895265402e-01
-5.648723685406535910e-01
6.792774220505999327e-01
-3.233464210076720247e-01
1.000000000000000000e+00
1.000000000000000000e+00
7.463801663501491435e-01
9.812327325116767529e-01
-2.605395266511394414e-01
4.052174741569581906e-01
-1.000000000000000000e+00
-9.131802499195337264e-01
-1.000000000000000000e+00
3.222123833105103863e-01
6.428854980548429632e-01
-9.626067872279332471e-01
2.159456527146871307e-01
9.173759142970966396e-01
8.414239935140970239e-01
-4.064941548091545176e-01
-1.000000000000000000e+00
1.000000000000000000e+00
1.467305907711999591e-01
7.235727736827974876e-01
1.256367781272921536e-01
8.403758960437298642e-01
-4.869798526197243183e-01
9.804580017060381125e-02
7.084731586626887845e-01
-1.000000000000000000e+00
4.284488553542843969e-01
-4.933921709145142609e-01
-3.710561460331862627e-01
9.654503215436097685e-01
-3.990156472748550009e-01
-1.000000000000000000e+00
1.978266597654107228e-01
9.964131033805794235e-01
6.236448074466321989e-01
4.856993277372499418e-01
1.041045947401078031e-01
4.440272456393494216e-01
4.883243824228545304e-01
-6.540066027133394355e-01
-3.618983814204788096e-01
-2.581120138749136705e-01
-3.860657183329406772e-01
-9.099836269369977471e-01
-3.705095416806162278e-01
2.116709814979467197e-01
-7.726123149188386385e-01
-5.826273271655200148e-01
-4.032678074897689258e-01
-1.504876818663883897e-01
8.367932900022738707e-01
-7.494580087514797206e-01
-9.567640215948949312e-01
1.000000000000000000e+00
1.247647035032964508e-01
5.091428053066598958e-01
-4.625331865375896800e-01
5.327414675587939241e-01
2.872126914723655000e-01
1.055955090707384053e-01
8.860274412990952753e-01
-9.631259551028598098e-02
8.131446107775732735e-01
7.386480116844863497e-01
1.878269867146472039e-01
4.021921221830465631e-01
2.799178494480154544e-01
3.635041296345358219e-01
-6.374538590845860719e-01
-8.076319984350417702e-02
-7.855782209050148346e-01
7.231214675299056927e-01
2.138032716890758992e-04
5.173350968143428652e-01
1.186389365823296571e-01
7.467710961786047097e-01
3.949584179538162543e-01
-9.021207362822963871e-01
4.714982543754374644e-01
1.394339819531912050e-01
8.560993386989927956e-01
6.828567047165896575e-01
-6.296673674371604523e-01
-5.242884255046146302e-01
-3.694390083445112660e-01
6.515680056576620416e-01
-9.224030496739238361e-02
3.442962864343506180e-01
-9.969658711792475647e-02
-1.000000000000000000e+00
-2.737105105051446108e-01
-9.765914083075406815e-02
1.000000000000000000e+00
-7.185858547727697054e-02
6.624869726456396046e-01
2.318504597613034179e-01
-4.346097019553386009e-01
4.486945525302362126e-01
-4.582160721858838381e-02
7.314589195247056530e-01
-7.382200047584218661e-01
-9.747131275258434924e-01
8.592923152409065457e-01
-3.854965434725013407e-01
-1.711217072029048714e-01
-5.736690949795126837e-01
6.551383155325297691e-01
2.508788815721629262e-01
-7.295848477834340207e-01
-6.159364503058276652e-01
9.784904450558149502e-01
4.666997592173288689e-01
5.022150473556998840e-01
9.591783757264323862e-01
3.681449837187755203e-01
-6.771029767613051531e-01
-1.000000000000000000e+00
6.442261456694174659e-02
-1.112258540166540521e-01
-3.602174509924197660e-02
4.204694054238223289e-01
3.992874576044557200e-01
1.587506535293897389e-02
1.834649646243881604e-01
-3.209163277551899673e-01
-6.800249702905756255e-01
1.000000000000000000e+00
-9.543850747612832031e-01
-7.530115576980299652e-01
-4.354939125405998257e-01
-1.000000000000000000e+00
-5.444934187152831173e-01
5.051380511358115610e-01
-7.967177225451895772e-01
7.724798029408940225e-01
4.478761368497161111e-01
-4.388167288475590122e-01
8.604413879246974872e-01
7.537591665843562660e-01
-1.000000000000000000e+00
-9.686396775927771374e-01
6.886745826349180977e-01
-7.153653356501464833e-01
-1.238941268049987970e-01
-1.000000000000000000e+00
2.065964751333916327e-01
-4.683476201812628581e-01
-1.598265641271000848e-01
-6.449373448915780571e-01
4.478685558708686565e-02
1.000000000000000000e+00
-8.673967359942000854e-01
-3.827374223506046502e-01
-9.018632615699653243e-01
-4.012504084875360699e-01
-4.352677280339893318e-01
-1.860259534481464860e-01
-1.783826105674023166e-01
1.000000000000000000e+00
-8.133861250069276405e-01
4.467017557472234834e-01
-7.996088110314326924e-02
8.097405360523397544e-01
-3.515957204054543372e-01
5.074568284851804778e-01
-1.000000000000000000e+00
-2.523066628596245531e-01
1.000000000000000000e+00
6.951756465365698245e-01
3.702417049326933718e-01
-2.466144835988329509e-01
9.787214656978524552e-01
9.667216671800434868e-01
-3.160224845282133543e-01
7.920858764398425872e-03
9.187027635033693240e-01
8.850130318776374683e-01
-1.783207232597889547e-01
4.775816361761213158e-01
1.099331112719647285e-01
2.038083926989671391e-01
-3.441836818272214771e-01
4.110655506085546529e-01
-1.024295057971644773e-01
-6.738998935973308235e-01
-8.764889959850987733e-01
1.653327218128414766e-01
-2.954000123030658953e-01
4.435694747838096474e-01
6.939484375421491880e-01
5.971329672386403997e-01
-1.000000000000000000e+00
6.441504356655435304e-01
5.638589429994694813e-01
-5.004370266252126109e-01
6.546817809498026719e-01
-2.465785022921084257e-01
6.361993159579859558e-01
1.000000000000000000e+00
7.075089335901857401e-02
-9.862478419121171180e-01
-8.670543797310863166e-02
8.769522603164980890e-02
-5.871455974149394352e-01
-7.767061790515801256e-01
-6.783619557084075158e-01
-7.722793356357858796e-01
1.956395611155478942e-01
3.656186520832562237e-01
2.311816172607681352e-01
4.616455711238321991e-01
8.041376135657669622e-01
6.780146942516859232e-01
6.627307237850396104e-01
4.357229507550052228e-01
9.394402475904364280e-01
1.000000000000000000e+00
-1.795870145573593979e-01
-5.411147021953418568e-01
7.591731433549245844e-01
1.000000000000000000e+00
