3.757067012298739295e-01
2.486631554249910669e-01
8.877916127691423132e-01
-9.835828864259255067e-01
-3.767031789281278797e-01
7.321913749643834679e-01
2.453446514509010079e-01
-3.279435941220933404e-01
5.160254252217896243e-01
2.318283979969975039e-01
-4.192747033564822035e-01
-7.836577211486775996e-01
-1.536984271579419914e-01
-3.647230524996263046e-02
1.076762802711202505e-01
-4.321468852549323336e-01
-9.272803772342150808e-01
-4.384731600986175870e-01
-8.585096986420112097e-01
-9.222910438888443085e-01
-1.210149935173315816e-01
-1.826800854036335700e-02
-2.758260391812540346e-01
-5.653967277319009721e-01
-8.820807950696976096e-01
3.771360901915578601e-01
8.350010679589016105e-01
-7.517719096534938306e-01
2.785584024229740274e-01
-5.563132677912242113e-02
-6.944234006081515531e-01
6.692363544029729105e-01
4.621972769101169720e-01
-2.227423389337118143e-01
3.111875741338559695e-02
2.757229363964134872e-01
-2.969801007628845579e-01
-4.506814076536189151e-01
4.699790707021546665e-01
-8.192975774279627477e-02
5.411264519900436110e-01
-1.067233328592679656e-03
9.429344648530252337e-02
8.511671113696538393e-01
9.559456248603213080e-01
-1.167531671483381939e-01
-8.905870033766619676e-01
-4.887595396713659279e-01
7.805441820701061184e-01
-2.925286113305252123e-01
-4.635246050457558220e-01
7.483881222867939942e-02
9.598348684734999692e-01
5.351347089869075146e-01
-1.000000000000000000e+00
8.785923764196279517e-01
-5.135555195937085982e-01
6.118371947942629063e-01
4.641198018600966035e-01
-2.357332721193732827e-01
4.117187687176256383e-01
-7.249825936573005558e-01
-3.496471700218573564e-01
5.834747630956979014e-01
-6.179019340668698845e-01
1.251911098430774361e-01
2.153755561091312554e-01
-5.295674341896196985e-02
-1.308117792392392564e-01
-1.941590815857920926e-01
2.369997739095146827e-01
6.161731175769218360e-01
-6.708408424663854230e-01
4.433124682335974898e-01
8.835619085955112029e-01
2.648284048726249340e-01
-7.360302168825360036e-01
-8.454835514523902085e-02
-1.495175375611359214e-01
6.150221306214772587e-01
7.398971075835761996e-03
-6.246734068451711419e-01
5.906138036994513785e-01
4.545781390628802349e-02
-2.137005289220901272e-01
1.302666027491968248e-01
4.177173989183439740e-01
-6.372714049138128445e-02
-5.069119335014902333e-02
2.891061465038496370e-01
1.000000000000000000e+00
-8.146377023188710043e-01
4.167650541761838690e-01
-5.265002863491153873e-01
-4.345087552331289849e-01
1.566508681614543486e-01
-7.949823641747595648e-02
3.606938331326315916e-01
-6.393027695158685908e-02
3.321463281698409653e-01
-4.241114655696983649e-01
-3.775526083749777828e-01
-3.833386445388229369e-01
-4.435871677182562922e-01
9.442664387589888575e-01
-9.854821028109130854e-01
2.303269382469260718e-01
-3.232185005833615454e-01
2.001677779380014177e-01
7.376240675689859083e-01
1.104657701368241644e-02
-9.946164940281135847e-01
1.000000000000000000e+00
5.158679745115951620e-01
6.771383260579187935e-01
-4.952212010610483606e-02
-5.437442132732718258e-01
3.541896812130938543e-01
-9.738775186187625943e-01
7.649402814886281377e-01
2.345663141423358633e-01
-1.757595540644978638e-01
-3.156350739776581649e-01
6.442146919082254453e-01
-5.639360855965666053e-01
-1.586608283446058199e-01
2.699984330084785611e-02
-1.429402682765592014e-01
-8.192214913674638055e-01
-2.079622927636996521e-01
5.330008924779875423e-01
-5.595580570296919687e-01
-1.532135132546392706e-02
-8.286155959167451623e-02
-4.077717675407115383e-01
-1.659863949747802381e-01
-4.848930815907502856e-01
-5.747339084546252419e-01
-3.530082989394004445e-01
-2.557720925833351436e-02
6.376658820020355556e-01
3.297265227762715134e-01
2.804244125972475965e-01
-5.332459406204091978e-01
-4.812331834389056984e-01
-1.168240242858536865e-01
-7.539176229217132708e-01
2.678722756201127875e-01
2.524412279434767870e-01
3.983067416384984960e-01
2.233999615553396156e-01
9.273315243510332762e-02
-7.126466703401422853e-01
7.285688076383206591e-01
-1.414923114302497620e-01
5.531817706273398638e-01
-4.328991973321761333e-01
-5.343088255586649904e-01
-2.638353819144970136e-02
1.000000000000000000e+00
-6.475166563286053334e-01
-1.856061718387033987e-01
4.166338837092523756e-02
9.164250346825055793e-01
6.252896105861477372e-01
6.276839503893777428e-01
1.903580335098862819e-01
1.351611329173289244e-01
-1.239520302557713255e-01
9.760971423089647159e-01
6.271322037214900336e-01
5.476609969700036995e-01
1.278093491429711515e-01
-4.467431256675852280e-01
5.305389681442105321e-01
-1.762657346082027732e-01
-6.619488546168931231e-01
-1.318235228210406507e-01
-1.421961928502831485e-01
1.000000000000000000e+00
5.841387871152198263e-01
6.005123707170297032e-02
9.062488131361658983e-01
-1.985793171903517951e-01
3.497337405420701817e-01
-7.183990465272526160e-01
6.307208175328581357e-01
6.876435236822527886e-01
9.339120476644582891e-02
-1.948209424710517501e-01
-6.350170379260073883e-01
-1.000000000000000000e+00
-1.000000000000000000e+00
-3.312119328800216533e-01
-6.700142417760367453e-01
7.198361396470930040e-02
7.252879078780063438e-01
-6.291203533220116606e-01
-3.976586834561448014e-01
-8.011908529741884610e-02
7.125817408806175424e-01
8.777377376651842589e-01
-5.835118412003115207e-01
2.005231699407309387e-01
6.860851789649630161e-02
-3.286836890858068627e-01
6.943049060330387379e-01
-6.344786343849520005e-01
3.339895132852946369e-01
-6.170271676379542880e-01
-4.294375520450009476e-01
4.546933051561805605e-01
1.585820711721529566e-02
1.353419860522395504e-02
-7.449766216819654618e-02
3.037621380511356106e-01
2.004737062205342313e-01
6.276985048733754180e-01
4.653201397053732258e-01
-1.000000000000000000e+00
-5.641941610269605167e-01
2.836775712817509176e-01
1.188766629569351918e-01
3.816506190342390803e-01
-1.000000000000000000e+00
-1.183814047587597798e-02
-1.000000000000000000e+00
-1.029614314720480317e-01
-3.946302223721885327e-01
-9.585774584407618093e-01
-2.835177917683689430e-01
3.844674091028545126e-03
4.499728689570229867e-01
4.664835821643598113e-02
1.755091261215474818e-01
-4.634193712503452689e-01
2.680994633143366501e-01
1.000000000000000000e+00
3.583172994522502153e-01
8.667075726962812643e-03
-6.404074343103521860e-01
-2.796668551043900441e-01
3.167249877979442796e-01
1.219317455986178161e-01
-6.777790436863508905e-01
-9.546973463186506637e-01
1.645201855192141710e-03
-4.359170830638752214e-01
1.000000000000000000e+00
-3.168155492035474446e-02
3.911884641125484841e-01
-9.123356611054180831e-01
3.346289260986141101e-01
-5.538715671414043973e-01
5.010052445821591149e-01
-6.035074552864306829e-01
-6.170426811952111068e-01
8.112734142205135779e-01
-3.639953909433171209e-01
-8.522557666907181195e-01
-5.320626718354333207e-01
4.784246250376523735e-01
-3.346460313597362513e-01
4.906548718431043010e-01
-3.356978482065144931e-01
