-7.167021104179746582e-02
-7.087513394838191871e-01
-9.115625137221354812e-01
-2.495853737485023427e-01
-7.781882504059041139e-01
3.888874944838217051e-01
-1.543888674254075000e-01
-5.744125667190804752e-01
-1.000000000000000000e+00
5.516401192476562410e-02
-1.000000000000000000e+00
3.005875806282332641e-01
-2.533915570031242681e-01
4.639551329065861457e-02
3.639462549381510814e-01
1.000000000000000000e+00
-4.540885009048448717e-01
-8.716717037481227504e-01
-7.533504648929927328e-01
-2.753869639337593322e-01
6.484046822539759614e-01
6.228995803794040720e-01
-1.446336268546025983e-01
8.619145937949516112e-01
-6.557137667208796650e-01
-4.457420888534479597e-01
-5.905720345730283150e-01
7.278973002882535015e-01
-2.242383893001163586e-01
-7.708670115662376032e-01
1.000000000000000000e+00
-7.981390931672343036e-01
3.782565870148041354e-02
8.553351388481145179e-01
5.989354373528704700e-01
7.722806044022880734e-01
-5.777339425860452682e-01
-7.432087551771260348e-01
8.399412477894434292e-02
-5.725320295890249378e-01
-6.744443766789337547e-01
-5.667208140463633192e-01
-2.031202366574097473e-02
-4.063884642099350186e-01
-7.935646401132824268e-01
-4.172367188131171356e-01
2.229874902191669450e-01
1.328495247941247071e-01
9.339043937359563508e-01
1.000000000000000000e+00
-7.191772277525950718e-01
1.000000000000000000e+00
-8.183795600629717448e-01
-8.137691229136757576e-01
7.200167337504101983e-01
-1.398831394035006913e-02
5.481016175724524597e-01
9.076880818151779051e-01
-6.488101050281877002e-01
3.707273561008391782e-01
-6.922255794734641920e-01
-5.535909181973029947e-01
-1.471707780261897192e-01
-8.448272610986358178e-01
2.759562010592920833e-01
5.923036314790658396e-02
5.929177003942155411e-01
-5.081504611402769545e-01
-3.009244906644338059e-03
-1.440748828806234783e-01
3.503458394552558253e-01
4.099651968645368627e-01
-4.456366148898529000e-01
1.000000000000000000e+00
3.806395125307600602e-01
-2.897840616491401677e-01
7.252128741262615641e-01
1.522268364228391846e-01
1.000000000000000000e+00
4.942461089573964017e-01
-4.966013002817132871e-01
7.592395426418386828e-01
7.264962279521171018e-01
-3.448497178331615398e-01
2.004008016183653484e-01
-1.991864947059681645e-01
6.564627935193860786e-01
-9.130065457105613902e-01
3.311110546695147927e-01
6.222146603012466137e-01
2.378462846967440147e-01
1.000000000000000000e+00
-7.604172620175820851e-01
3.273311525563421531e-01
6.371421940076525958e-01
-8.317402190506166804e-01
6.005169443467855972e-01
-1.447169442785770366e-01
5.556895505817737169e-01
-2.860653490060663939e-01
7.131735447340017409e-01
-4.205873507206779327e-01
-7.616577121747203361e-01
7.931686039192570314e-02
4.696831879545048660e-01
-8.956275966113530496e-01
1.306892687402339825e-01
1.000000000000000000e+00
2.072719919169951630e-01
-1.000000000000000000e+00
-3.721773406417421687e-02
8.736755021576936286e-01
3.073777911492245885e-01
-2.049406824886500500e-01
1.000000000000000000e+00
7.155865361701311267e-01
3.048523312036334199e-01
5.837141939862133810e-02
8.213671097593947326e-03
1.650876391115395359e-01
8.362643624536726383e-01
-6.884546859059529345e-01
-1.428824821942624723e-01
-1.648634648670705694e-01
6.808753109365109912e-01
7.963550013204632183e-01
6.046904667834889224e-01
-5.337542165827336982e-01
-8.121502534942630636e-01
8.210087327030693993e-01
2.440607365647776972e-01
6.825773878549099560e-01
9.038506692571882661e-01
-2.071201110951153279e-01
-4.182723936605688836e-02
7.789562122740214534e-01
5.654016772425449755e-01
6.412246152185447912e-01
4.447015712326467252e-02
7.690152163186777523e-01
-2.343959333891371954e-01
-6.788658693014903989e-01
2.433324828549610075e-01
-8.948708590575178423e-01
-8.681749034148414923e-01
1.000000000000000000e+00
-9.259257068220171361e-01
-5.863246261697259154e-01
-3.741730463778960014e-01
6.614542760835303570e-01
-9.937492073408208393e-01
8.957584919052787864e-01
3.503287367408127184e-01
-1.544664885750318337e-02
-2.518446409015904219e-01
-2.715148436870290505e-02
4.502966019032810796e-01
7.181156942364633755e-01
-8.382332310467691672e-01
1.500231520814350183e-01
1.000000000000000000e+00
-5.569863110823631835e-01
-4.472634160746667420e-01
3.831415177052741594e-01
1.000000000000000000e+00
2.448366173171254989e-01
-3.311659163973202924e-01
5.728776634285785707e-02
4.465289968673853416e-01
2.795003498619926807e-01
4.313679627052024457e-01
-4.374921645643528589e-02
7.453819448810484749e-01
1.023192483599267150e-01
8.225122605309566071e-01
2.070194674688226599e-01
3.597093527709601113e-01
6.974559491803461464e-01
-7.574180281266801318e-02
-1.276808462502464769e-01
1.000000000000000000e+00
-7.679768971245444220e-01
1.262118065803979894e-01
9.003177711375990322e-01
2.487643831482872769e-01
2.600894250136735475e-01
-6.147552652757564129e-01
1.000000000000000000e+00
-8.270294642973387012e-01
-1.000000000000000000e+00
6.135014634731748018e-01
1.002689079640107089e-01
1.000000000000000000e+00
4.704892999070086068e-01
-1.000000000000000000e+00
3.261553739516657169e-01
-3.363748564604022717e-01
-1.544007171021527791e-01
-5.077307632618566213e-01
1.837964818790351895e-01
-8.122035678172989659e-01
-3.003987213112735977e-01
-4.043008178071010317e-01
6.949554829233834941e-01
4.357255009458805284e-01
6.629386467386217952e-01
-1.215167936819932654e-01
1.000000000000000000e+00
8.148913395893815359e-01
-3.283248151738615284e-01
-4.660306603080957011e-01
-3.451421081704971194e-01
-7.793010976037656468e-01
1.000000000000000000e+00
1.255022993549253230e-01
-6.637021965307580151e-01
-5.454065179068641189e-01
9.212728638684791749e-01
4.153122389328587349e-01
-4.598858559733791651e-01
-3.857736258701506826e-01
-1.000000000000000000e+00
-5.221823265510308065e-01
7.482599733227446315e-01
3.524397659181197628e-01
6.616954047497638491e-01
-3.913622358948662949e-01
-2.587323937272910102e-01
1.000000000000000000e+00
5.224425401942770497e-01
-7.423832019145322203e-01
-8.173087792918387606e-01
3.379546260184431161e-01
-1.400621762643448898e-01
-1.484225230208263135e-01
-1.000000000000000000e+00
-6.109780430328806133e-01
-3.650810931228596484e-02
3.735550341933356333e-01
-1.690605315706516787e-01
-1.465495901211361363e-01
-8.586086393261962435e-01
5.290144901541010691e-01
-8.134202475144681754e-01
-1.915807898102014351e-01
-1.000000000000000000e+00
-5.678025850335187696e-01
5.491622757494628582e-01
5.408972432575955835e-01
7.072362544139582097e-01
8.884416506950384984e-02
-1.000000000000000000e+00
2.886411712347561331e-01
-1.275462893052233611e-04
-9.355820238720601312e-01
4.666519857111341985e-01
2.702050304449212653e-02
6.628518297780995328e-01
-4.265132582309865139e-01
8.287516663031664343e-01
-8.867048967660837722e-01
1.558470649505501460e-01
-4.718374338748476671e-01
-5.637985738461954721e-01
6.718270118284958015e-01
