1.541466936478357308e-01
2.011718910578397246e-01
-3.267396506915811183e-01
-4.043091849189247577e-01
5.115464277464724097e-01
5.731042346019468159e-01
2.995466527528286016e-01
6.785003807557714595e-01
3.645363275848574336e-01
1.326345982423284275e-01
-7.309928078038767651e-01
4.742187618801548821e-01
-9.719824250250929110e-01
2.330355425800985092e-01
4.127882849754552219e-01
4.954789503809678419e-01
-7.517275534765212042e-01
-6.650165398107809045e-01
2.802777501982037234e-01
-3.357357875408333303e-01
-9.468315402497522459e-01
-6.840728157063682424e-01
1.538266882051878282e-01
6.555090781510868325e-01
-4.986496249440599549e-01
-3.620644616318098863e-01
-6.053329940904166317e-01
-8.780579121029835621e-01
-3.625738638635715994e-01
1.794674353638675557e-01
4.954994462387470877e-01
5.712252321202514471e-01
-2.624047370297444282e-01
6.706836633700040684e-01
-8.882260192909321450e-01
-2.729547335645255979e-01
-1.678065099753618394e-01
-7.373321389379594581e-01
6.301286918883067800e-01
-9.141700886993058273e-01
2.090440143137095586e-01
-7.610816386338434825e-01
-4.153729848341195519e-01
8.562938690317647983e-02
-6.960204946290775574e-01
-3.798168855240935393e-02
-6.046923076293498900e-01
4.523613049042166656e-01
-1.197665731465780148e-02
4.376969415197524693e-01
-7.718395601692941144e-01
-1.818349782251650892e-01
4.942336734720942371e-01
5.767739928641807401e-01
8.070570786987544265e-01
-5.313369511957776181e-01
-1.969644832191188022e-01
1.524313300730972820e-02
3.600269011351373560e-01
-1.000000000000000000e+00
5.591829704733224382e-01
8.393165011096981321e-01
2.904465730183141137e-01
-5.585896580889471164e-01
-6.036087018586272501e-01
3.046792963881951866e-01
5.045494016387797043e-01
-4.054717901514394429e-02
2.399051688805797777e-01
-6.639836664689976464e-01
-9.387182906917824754e-01
9.879076047771495617e-01
2.801619843944287425e-01
4.457547493576766162e-01
2.010519835096561958e-01
-1.000000000000000000e+00
4.189971883437102473e-01
-5.019550759315148936e-01
3.794640838966025220e-01
4.033179422411802273e-01
2.748885335658570739e-01
-4.658938180708829258e-01
6.967489885596115373e-01
-9.493590437310144292e-01
3.544473843074151809e-01
3.725640595764186797e-03
8.138353861737740447e-01
-3.688577260311488026e-01
-8.706823261180129947e-01
2.567131316400383945e-01
6.157503424700377925e-01
-6.021221209316149903e-01
-3.657671153693329846e-01
-7.094421080289297077e-01
-8.584881803366811726e-02
-2.329383466234949407e-01
-3.139603963899448291e-01
-1.000000000000000000e+00
5.260042036269172439e-01
-9.428881195127815085e-01
2.836730980349747577e-01
-1.181575068116158811e-01
3.648466501299211795e-01
-4.138058878946673791e-02
-7.685539035351833803e-01
-4.180940130875304694e-03
-1.552046595342090052e-01
1.546724221619521500e-01
8.686394847319605095e-01
-2.406699738281800616e-02
-5.309184729768769984e-01
9.372239276527905005e-01
7.135016367065230014e-01
7.182503955833269282e-01
8.792319217237222206e-01
-2.150489724436738803e-01
-1.533194435345188456e-01
-6.709582567766285699e-01
3.927316977617885119e-01
7.684296531998536794e-01
8.952858622932594601e-01
5.650638148243749548e-01
-4.943218639044976159e-01
-6.107330736472642574e-01
8.136509114529696385e-01
3.641045108457854340e-01
-4.287042766278852945e-01
4.107753568955080370e-01
-3.566265876145816582e-01
5.593814405428465530e-01
-7.548204891279228779e-01
-5.007796747424200223e-01
9.295673258632756175e-01
-2.212610748913100278e-01
-3.023311975497103288e-02
-7.960415518376851018e-01
-3.835866264496309297e-01
-4.738703206924130273e-01
8.916215557719067153e-01
6.839795201016224402e-01
-6.993097957400229436e-01
9.364173465863834256e-02
-5.093534593149741108e-01
-5.965966775439843772e-01
1.588295405573761365e-01
4.046679648193331202e-02
-6.619394509966229911e-01
-3.484609315028137644e-01
-3.237361708321955245e-01
-6.819640272189614327e-01
-9.188745949756186304e-01
1.949237927640307677e-01
8.955230556205673320e-01
4.772690322038892208e-01
-1.000000000000000000e+00
1.550163392659126282e-01
-6.134969064694796304e-01
4.502777655929917078e-01
3.909299633988150280e-01
1.070354921803408632e-01
-6.042504285046584878e-01
3.385424353233705275e-01
-1.647181847055118054e-03
-7.819770036209049424e-01
-2.543987349823961797e-01
2.225854400840467373e-01
1.000000000000000000e+00
9.778009247514365399e-01
2.290618768328569477e-01
9.312593090953458219e-01
-8.338388227974131706e-01
5.369783678332430421e-01
9.514529541058869277e-01
9.266823040138283396e-01
-1.000000000000000000e+00
-5.802770105189209993e-01
-6.550753903612214213e-01
2.010035426653977997e-01
-3.900762090127051773e-01
5.953203539723557203e-01
1.346626863468043112e-01
1.684273096783878154e-01
9.779272625375438066e-01
6.329178382877642672e-01
1.000000000000000000e+00
9.542028859216923342e-01
2.990779276669041642e-01
-8.353521059955876238e-02
-9.444185865802890989e-01
-7.547641726128854200e-01
-2.651239922417160666e-01
-4.448851751426332046e-01
1.891231468784679293e-01
-1.434961590424719824e-01
2.800653716065735210e-01
5.202527768821627596e-01
-4.901568850274674038e-01
3.994621633054891152e-01
6.212768809187656505e-01
-5.954967557159174252e-01
-9.947077970047250028e-01
6.735797797450503444e-01
-3.363362938814445369e-01
6.392858946334672998e-01
6.143179714128242652e-02
1.000000000000000000e+00
-2.900092390451479707e-01
2.758338095482089081e-01
-6.463258172724484218e-02
5.133215200920225596e-02
-7.554850980371302649e-01
-6.144686526548438499e-01
2.648552642309145444e-01
7.405082398034937841e-01
-8.694042940166629707e-02
1.000000000000000000e+00
3.335075700127980713e-01
9.042253827490134843e-02
-9.343716351193265268e-01
-6.054186983580777115e-01
-9.999060227615665930e-01
1.000000000000000000e+00
7.152622194079469864e-01
1.000000000000000000e+00
-1.184522039249457093e-01
-9.460891645040285791e-01
-5.663434822828213866e-01
6.961401961680252493e-01
2.033239047511103403e-01
-9.207821193700038709e-01
-5.671439831663059594e-02
-3.269838560923575832e-01
-2.431832519138346638e-01
6.769375803770025790e-01
-3.142563267833271556e-01
-3.536233770050183356e-01
-1.000000000000000000e+00
3.871816706500522121e-01
5.387994568765641645e-01
2.279992731144110663e-01
5.899057153783838769e-01
-3.054623873888825392e-01
7.180500108180409846e-02
9.397948800096662669e-01
2.502601836777998412e-01
-1.000000000000000000e+00
3.593797834536793800e-01
4.674473019138418450e-02
1.686015888252201389e-01
-8.481587958636056523e-01
4.410985510009067800e-01
3.605426157433983536e-01
-1.160168387220985725e-01
6.387394014879731463e-01
7.238945809263706010e-01
-6.429423286722828479e-01
-3.615102077278802284e-01
-3.574175606889661849e-01
7.635775151827897123e-01
7.590432847907019331e-01
6.462113478176748638e-01
-1.171156349356542725e-01
1.464663261106370074e-01
-1.794015068467366691e-03
3.716427085770617200e-01
