-5.761275639462494214e-01
-8.450340263727142975e-01
-9.342269507459852740e-01
9.426578347175531558e-01
-3.863693093248155019e-02
5.179767741385294944e-01
9.639634901352345242e-01
2.471744105031128125e-01
7.282421625862638415e-01
4.644559463837688029e-01
6.952081601696200597e-01
-7.378090384601458940e-01
4.621452310472821123e-01
-3.240903986570176087e-02
4.159547008680222757e-01
-7.947362389398584526e-01
-7.363371995607486120e-01
-8.693738050175267573e-02
4.066710315043713386e-01
-4.933254243362883429e-02
7.272652949375674192e-02
-7.660044752785449829e-01
5.726163951144048331e-02
5.150834077747373785e-01
-8.253989435346833492e-01
-7.695397690441698746e-01
8.409442189559619418e-01
5.029160462347764815e-01
9.539750490459651955e-01
-2.178302260754113595e-01
6.184738614734248685e-01
-6.415208647611004844e-01
2.021463594644834771e-01
-9.644841784071372937e-01
2.849854327281076682e-01
-8.066031605038553876e-01
4.655422176386601052e-01
-5.950848022767701861e-02
7.353935541942435705e-02
1.661941347528095581e-01
7.700629831649000723e-01
-5.994562981856430550e-01
6.411070846433812864e-01
3.684613733858970175e-01
1.057542663762913310e-01
4.832359241025303564e-01
-5.877781711344118865e-01
5.865567169312878582e-01
-6.402318199239235286e-01
-4.830275351486750246e-01
-8.571973935400881706e-01
-1.336919954375892228e-01
-2.899618466392240856e-01
6.700169109722708960e-01
-1.895205342102038171e-01
9.699923525101270538e-01
3.352877934204707699e-01
5.435907411416133206e-01
7.459004964676698712e-01
4.913452324312419517e-01
-3.812309943760727737e-01
4.648104350102708615e-01
1.168734997029411415e-01
6.353031080766311511e-01
-1.000000000000000000e+00
-8.539740704058675913e-01
2.438162647474040323e-01
9.164663684691654044e-01
1.000000000000000000e+00
3.661202513517858304e-01
7.445003491487824920e-01
1.961663203808801104e-01
-9.040978191029802602e-01
-4.821297696566331781e-02
7.968583330567624579e-01
3.440235886218553918e-01
-7.163275331447807766e-03
8.046093391315800591e-01
4.695980523526724904e-01
-6.241843312438877245e-01
-5.677679787751959140e-01
-8.682269262436077550e-01
-8.752571041329213486e-01
-8.491375297130481226e-01
1.608462442905878031e-02
-2.796439105570517891e-01
6.689046590665950198e-01
-9.495908518103630680e-01
2.461843003983053002e-01
1.883764824509045477e-01
-9.605130807141002425e-01
7.028693398132620507e-01
-2.581796946161069584e-01
-6.112939155450493045e-01
-3.532571297538821820e-01
-6.720142267904878342e-01
1.635214847313891939e-01
-7.802642396855503648e-01
8.170237784439779993e-01
-5.558504159460080363e-01
8.002325448286090603e-01
7.336720812281458670e-01
-4.044934405410252065e-01
2.964375364738781049e-01
7.799264293036853868e-01
7.802864656842996016e-01
-1.829500199918476788e-01
-9.313517359637635273e-01
5.547659347316942213e-01
-3.784742030599326235e-01
-3.586904506354204325e-01
-6.607527525413807723e-01
9.298857261939563745e-01
1.390850642391162906e-01
-8.714661232767445531e-01
9.391394174071350243e-01
7.732535889960093223e-02
4.046132819883978549e-01
-6.243123331300466372e-01
5.215770179022884978e-01
-5.912723801549975011e-01
-3.064195662578354518e-01
-4.237378800343271079e-01
2.840317462306962693e-01
6.669125737546965915e-01
-2.115985234893748568e-01
6.295132517902368718e-02
-2.144113826339000273e-01
-1.000000000000000000e+00
8.644663206231553154e-01
2.917641090976876850e-01
-9.122656658315326794e-01
1.000000000000000000e+00
-1.085259019021883459e-01
3.002260138926575728e-01
-1.040197153351510584e-01
3.060886855836021936e-01
8.819933226421650119e-02
-2.214410530745633543e-01
2.904511412448794183e-01
5.051276613573347785e-01
-6.253773083993552362e-01
1.525959565711376698e-01
-6.393653911191097272e-01
-8.057575056448579298e-01
1.841636674323336720e-01
2.882542866696104489e-01
5.673131406870839388e-01
-7.988631547888119799e-01
-4.039449222047086785e-01
-2.356097359501579946e-01
-5.835827670158428848e-01
-3.704300145280997048e-01
7.295087146893709518e-01
8.336338531326936696e-01
3.537683799020354680e-01
9.731989675758809799e-01
-3.003071529705036991e-01
4.210280133555026616e-01
9.901347750693987315e-01
-8.865515065367290948e-01
6.812306446952167693e-01
-8.960365890036910974e-01
2.425082898760832495e-01
2.242175990841917821e-01
-9.452921804363094704e-01
-5.342936786576775177e-01
3.634621272527598368e-01
2.525038493430290520e-01
-3.563122306746893675e-01
-3.266394149990269336e-01
9.937748335600981031e-01
2.477141059019932201e-01
3.085003978516846490e-01
5.960202839340117409e-01
-3.171491410090127028e-02
-7.475961214523854093e-01
-2.739514245575316309e-01
-2.820844486232758630e-01
6.470655302302729117e-01
-8.942681362440927373e-01
7.947824780229639785e-02
-5.997692680609644222e-01
-4.301482280711633188e-01
2.661213502367354433e-01
8.727797992423227402e-01
-5.597892273266681651e-02
-7.705187777780557745e-01
1.385875602547215202e-02
-1.962912350478809298e-01
-2.400119507438862598e-01
7.887299550645655577e-01
-6.722528542541083008e-01
7.489795321604655332e-01
-2.527688972264101608e-01
-4.870526438132019020e-01
8.440045731260432671e-01
-5.062210240744451362e-01
-1.789850991584096551e-01
4.367705588707269104e-01
-7.849984956917891443e-01
8.854803774673880579e-01
6.049468868292170454e-01
-1.876837054688876849e-01
9.797409392059563960e-01
-8.352370096897437923e-01
8.775342333276623386e-01
2.085452586871068270e-01
5.921818253305624058e-01
-9.166569752875074473e-01
-7.328783686830798727e-01
6.837287733868824269e-02
8.713616531136261223e-01
-7.327509810160885984e-01
-9.577414076493948603e-01
-1.432107257909515652e-01
8.401463181566893867e-01
-6.599734659442306750e-01
-7.301600180574923105e-01
-7.780546567573192185e-01
4.345928498377209515e-01
-7.421276382085006951e-02
7.541317465443542201e-01
-1.129266963119996692e-01
-1.806109633278680376e-02
4.316718281375322430e-01
-6.882496766101902086e-01
-4.166453589963037274e-01
8.784447858688219091e-01
4.037209889719116096e-01
-8.454530959320314398e-01
-9.272377448529167676e-01
-6.112747167323636655e-01
-2.644128788624171555e-01
6.064109005312257050e-01
5.687030639302170787e-02
6.455912046787196656e-01
4.397429938129293614e-01
-3.773684651875489626e-01
1.953816619578374603e-01
-6.447994538853231150e-01
-7.294530351883494745e-01
2.929872648053059025e-01
6.549090420350691666e-01
8.860450642227915008e-01
7.422010403212258023e-01
9.140526759027696180e-01
2.325454591896438661e-01
6.802329592750655518e-01
-8.414454362061538628e-01
6.049203437797427974e-01
-1.685654680454344301e-01
9.685192525679459097e-01
6.395114491625775166e-02
-6.539482941952805550e-01
-3.186504158829546463e-03
-4.826229790571275324e-01
7.551822707495119413e-01
1.654568246991749980e-01
1.186228207300006887e-01
4.270653283121072508e-01
5.776958035726678653e-02
6.518690276927150418e-01
7.932007566250675046e-01
5.350210148206240302e-01
