5.307493554776163691e-01
2.270943336677027080e-01
7.669859562484984128e-01
8.077158251317123616e-01
-2.396211949630783766e-01
-2.824232782948186693e-01
2.869302016678606515e-01
3.845102027319458604e-01
-7.391564759937890861e-01
-4.954237883152706745e-01
1.838774310765220465e-01
3.790880008003374435e-01
-2.229023517187192216e-01
-5.638495472357939187e-02
9.502575760235351110e-01
2.430254449163855857e-01
-6.471200884976363588e-01
-5.981336047658101229e-01
-8.220485833665656106e-01
-1.000000000000000000e+00
2.608224163710194665e-02
5.340988535904833689e-01
-2.754198749308905403e-01
-2.396140330463767676e-01
-7.737753468438542948e-01
2.269795152800032634e-01
4.445793925262192525e-01
6.906517243935236250e-01
7.988809394087811877e-02
-4.231505076659903830e-01
-1.718210657212153325e-02
6.549735469329294180e-01
-1.420788671643092305e-01
9.887927179657122201e-01
7.025710781709104680e-01
-4.951246200064889358e-01
3.117855915466865024e-01
-6.117764492812816091e-01
5.122731907548472297e-01
3.351720945181427824e-01
-9.748927351871300440e-01
-3.345668710404554602e-01
6.654430724705040490e-01
6.510635616170783457e-01
5.154602055161772167e-01
2.251003725802249167e-01
-9.295368817266291828e-01
-1.000000000000000000e+00
-8.830228850371453220e-01
1.467175550250523486e-01
-5.866499730584406880e-01
-6.508359599630940684e-01
-1.335115079739267185e-01
7.083358427998442952e-01
-5.076616810619172249e-01
-9.087625836462158713e-01
7.864623120268174894e-01
9.012937563444760602e-01
-5.162057395304331386e-01
9.547299900477422829e-01
4.379683611700932455e-02
2.755161285566768981e-01
3.071300261888540994e-01
-4.752650261844594270e-01
-3.105822705681557938e-01
7.131445947942124386e-01
-7.450797702211301443e-01
9.684275463592795230e-03
-7.167275981398200102e-01
-4.725249829042581506e-01
-5.642148373864643851e-01
-8.525379306963785098e-01
6.341708491664850289e-01
1.010173931502109240e-01
-2.941717579510367275e-01
-5.973756114216537405e-01
5.071225035508080126e-01
-5.946638745615817623e-01
4.719699491030797667e-01
-3.032089582194333333e-01
5.064458465778272078e-01
7.371072038352128875e-01
2.739123836274895418e-01
9.557438883745605906e-01
-6.826725914280402652e-01
-2.110739606391313639e-01
-5.306258075737876889e-02
1.100877547445911486e-01
8.860531729508568377e-01
3.152046375024386005e-01
-4.671475649444062350e-01
3.195821469021131733e-01
-6.584757911972248523e-02
9.580326927449456242e-01
-3.863272937384571448e-01
-8.018256956085669795e-01
9.522274136738833050e-01
3.466919685709030086e-01
-9.957559058757115000e-01
1.547935201985186637e-01
-4.812702773881834539e-01
-2.718058059958976536e-01
9.005502002170813203e-01
7.124687851721007714e-01
-2.355354402069409769e-01
-5.397557901502483269e-01
-9.827758952481827626e-01
-7.471180030460381483e-01
2.164710210486905928e-01
-4.850364074920417989e-01
-2.941965301099787045e-01
8.418234858563865552e-01
-8.765911126792474972e-02
2.952372738474096092e-01
-5.764897538261415377e-01
-8.780594669799169916e-01
7.753944328346195070e-01
-3.357652464517184576e-01
-8.923151682827445974e-01
3.092958092821733174e-01
-6.008419066143748655e-01
-8.815600585026088787e-01
-1.000000000000000000e+00
9.787580751269655543e-01
1.000000000000000000e+00
6.167631614275458363e-01
-6.702439785058516009e-01
4.615979463360713186e-01
-1.776762849129712718e-01
2.744731940012378746e-01
-7.009857083633572739e-01
-4.635722818303806836e-01
-5.590693631790379925e-01
1.353634941901811217e-01
9.210320497051117661e-01
-9.469863714341165695e-01
6.319017054903394159e-01
-7.391679136423536800e-01
3.146232996000943860e-01
-9.004172521551276898e-01
-5.199769509404325030e-01
-8.768133198104273163e-01
-2.703270376232237981e-01
2.580832653465954252e-01
-4.159715239890275917e-01
8.014572405966997604e-01
5.711280434101059233e-01
-2.594855628498610178e-01
3.655843980274188221e-01
9.245644090502678214e-01
-1.385662288929266350e-01
-8.812951598288096822e-01
4.727800296004069924e-01
9.582394753092045026e-01
1.538744528979821835e-01
-5.013620636669342545e-01
-5.989511127421842662e-01
5.672204489038563668e-01
-4.949645910371029967e-01
5.642174836810127658e-01
-2.075451482108678358e-01
1.679740000865215244e-01
5.150542812712335383e-01
3.150571874484723311e-01
9.923065178818484267e-01
-1.773152839495814037e-01
-1.957076534838625426e-01
1.135604018284042116e-01
-6.005136864706690503e-01
-5.608714526689423385e-01
1.152082861440049816e-01
6.318577840627715991e-01
-2.285226055729027567e-02
-3.580403535559273931e-01
9.775284629243679024e-01
4.466480638670142223e-01
-7.173565443183758106e-01
4.302761423298279708e-01
-6.288862732248027276e-01
-4.678769951870207500e-01
-7.870310664110752308e-01
-6.229485741552044376e-01
9.539234282797033337e-01
2.756063476854375693e-01
1.717842279443525244e-01
1.000000000000000000e+00
-4.109799222310988043e-01
-2.288283707198230932e-01
-1.300812172711319770e-01
3.041240762723728119e-01
-3.557725361574533562e-01
8.859815829647583740e-01
-8.258435939275229343e-01
6.857960495207636731e-01
-6.729722019012125411e-01
-5.848656660648030581e-01
-7.280756847110617658e-01
7.155729737551864700e-01
1.862354899739340763e-01
-5.612438911022424870e-01
1.539776341407533833e-05
3.649016738977009511e-02
-6.871891679459743441e-02
-1.000000000000000000e+00
-3.311881034761558484e-01
-1.490768782454738872e-01
-1.133720580819087553e-01
-5.035696859101149725e-01
4.619518476170623167e-01
1.807892298961475408e-01
9.208902544241408528e-01
-9.482588284511114241e-01
-3.392775631012188153e-01
6.486763999824886051e-01
-9.283534731356457570e-01
-8.256031151537895907e-02
3.726390068925558019e-01
-7.424781435172016497e-01
-8.191704399267585313e-01
-5.502730922303934041e-02
-5.204229980389454280e-01
3.634938095958766269e-01
5.425227249908899374e-01
2.635418861403395763e-01
-1.000000000000000000e+00
-5.944063341447454185e-01
7.452355784902127134e-01
7.852401281382119791e-01
-7.063300614940128119e-02
6.643565878826320770e-01
-8.608164496662136234e-01
-5.264587674030940523e-01
-1.469643078618127485e-01
-3.821618673664198829e-01
8.374751864401868140e-01
-3.865563696576890251e-01
-7.491143922454651660e-01
2.850620825862963947e-01
1.320523634673810842e-01
1.619614429819233870e-01
-4.040392781280793821e-01
-9.416807984757893379e-01
-7.234394587769368834e-02
9.034416859390965726e-01
1.813484924465615933e-01
6.195942405764047756e-01
9.886458406457114823e-01
5.281447160581118627e-01
4.281173982529698496e-02
-4.032458290931930645e-01
-4.759561073528529862e-01
6.287604414937573161e-01
4.164785704004136946e-03
6.834049593545065138e-01
-6.677433573117576016e-01
-8.803735162465935460e-01
7.036586220816209991e-01
6.162473578722647005e-01
-2.333887261510065869e-01
-2.005274266544361805e-01
-6.424048260665091714e-01
-9.370557394976573862e-02
-7.274376441066662258e-01
-3.691754710411899731e-01
5.626602982240225259e-01
