2.769837098652861984e-01
-8.514721618926490709e-01
-7.688727147019355224e-01
-3.245285403169416716e-01
-5.253535396286523884e-02
3.942122194091875198e-02
7.703342865597343492e-01
-3.520946088435675803e-01
-2.782925403374159057e-01
1.227703609869182921e-01
2.884302035280318921e-01
-6.545855520591605803e-01
-2.431369337322955571e-01
8.084458987648350803e-01
-1.437651474787056127e-01
4.180808497685726266e-01
-6.970874513603764200e-02
5.178432468134159805e-01
5.258656110279402718e-01
8.345015793158532258e-01
1.000000000000000000e+00
3.103664480007672921e-01
-5.310711350199617264e-01
2.723459934134414562e-01
4.859601056120169682e-01
-9.198765061459277526e-01
9.034985375142165487e-02
9.615483080378293135e-01
3.183762728402368403e-01
3.941966150657024714e-01
6.511091234497693447e-01
9.527578219395604897e-01
9.673343421800488784e-01
4.509645266232478744e-01
7.950710235349487398e-01
1.000000000000000000e+00
-9.761317048499522642e-01
8.348502468264755727e-01
3.153959770850831568e-01
-3.506206671042082501e-01
-4.937782834104701979e-01
9.073592832502308525e-01
2.413733474829740100e-01
8.185633297504342210e-01
-3.275669930552645159e-02
-7.273400760712400714e-01
1.092787664733338993e-01
-4.545635773604847496e-01
6.779587231169106332e-01
8.265218619349756768e-01
4.802285759185982439e-01
-2.907562852325844549e-01
8.353525070959388898e-02
9.283807777971718744e-01
-8.100077624430601642e-01
3.396802350563741246e-01
6.740507419048367144e-01
-1.841313057279848342e-01
-1.072411579179834290e-01
5.498715344785984893e-01
-1.000000000000000000e+00
5.242317544249792682e-01
8.788724632190944019e-01
-9.768923331564765000e-01
-7.755268923321692043e-01
-1.024069535341955856e-01
4.053245580450770547e-01
-3.757881052610593797e-01
-4.083403339523963282e-01
-4.753143940692201586e-01
-1.369967045168003494e-01
-6.822122492258267945e-01
7.294343951603057263e-01
2.812865259909269611e-01
3.229162658904773942e-01
6.125487130440654404e-01
-6.061531281631795665e-01
-4.321768690148952707e-02
4.452585844080349520e-01
6.556903046700890414e-02
2.713187635807503550e-01
-2.966773331272116732e-01
-3.928639926560945073e-01
-1.000000000000000000e+00
5.445365653753071467e-01
8.934334439705260422e-03
-3.701614484555186824e-01
3.722877576683361056e-01
3.144062067514283854e-01
1.052193497693591218e-01
-1.000000000000000000e+00
-1.000000000000000000e+00
-6.362631483689871192e-01
8.333906228150791407e-01
2.401750805929211974e-01
6.912175567813595434e-01
4.990200778676311955e-01
6.091948886215254877e-01
-9.923908279246722586e-01
4.306672788706615851e-01
1.907995694166021439e-01
-7.742738414430512250e-01
-9.328273810434007940e-01
-5.737810593468621878e-01
8.272145951480851522e-01
8.434283159447790723e-01
-2.153784181556548383e-01
-2.545111825400785399e-01
6.472718668130306163e-02
-2.213480518467703939e-01
-1.652116372334859196e-01
4.936116689248813971e-01
-8.621882350521463678e-01
5.817414980694224358e-01
3.159685612220217710e-01
-5.219382847216070820e-01
-3.947546688532725945e-01
-4.424100127375656388e-01
1.748114543160961265e-01
-4.606806675588762112e-01
6.790471169010284802e-01
1.493405294120654925e-01
7.515160178024054005e-01
-9.669652708769920224e-01
-1.000000000000000000e+00
2.520943472648609074e-01
-4.973358822799702206e-01
-4.816576022181956462e-01
-1.587989375096434397e-01
9.217548252149416754e-01
6.018469629421404621e-01
-1.153938615481782670e-01
-9.750573907193207379e-01
-5.434823886530647519e-01
-2.570893712902222461e-01
-6.068514765108747877e-01
9.596040964554690689e-01
-2.712991320011780561e-01
-1.000000000000000000e+00
-4.468667746933557838e-01
6.878496307979904412e-01
-9.028387110586135744e-01
4.463335878245546784e-01
1.000000000000000000e+00
-1.058918736514187220e-01
6.217889863706675957e-01
-3.944530552209399854e-01
-4.689226098622057970e-01
-7.984500595541137447e-01
8.094620062874376132e-02
1.971708441402650336e-01
-1.000000000000000000e+00
-5.911334765247222567e-01
9.798480114500573990e-02
8.322206834034967526e-01
-7.616467579769770069e-01
-4.415981341977024965e-01
-6.172354508911243043e-02
-1.136127751817507248e-01
-8.414246768398292442e-01
1.628717953196989754e-02
-9.235680375549226717e-01
3.366525555012340742e-01
-8.589005965346182547e-01
-1.551741645556690141e-01
-7.567944314259564820e-01
-1.111580369407338953e-01
-7.715236531143860876e-01
-3.206304102840755732e-01
-2.308118558148659627e-01
-9.840791602104004276e-02
1.000000000000000000e+00
-6.586233879031380134e-01
5.282418805879982582e-01
-4.399514079234735919e-01
-1.000000000000000000e+00
2.631054810662869503e-01
-3.622259336806853414e-01
-2.601342825081695564e-01
-6.518786884326591702e-01
1.937151585163026102e-01
-2.616173708740023307e-01
6.161938683512768744e-01
-5.208958215679282411e-02
3.249840229305001049e-01
-4.312511782122238069e-01
-7.995690756128265297e-01
-4.931215445588181812e-01
6.231601872317416024e-01
-1.000000000000000000e+00
4.167965218730368959e-01
7.400250018326172130e-01
7.189271861753745441e-01
9.412107368154229992e-01
5.012315901009309904e-01
3.371202439220306601e-01
-1.983784695236978091e-01
5.927380244831288447e-01
4.005826196882930623e-01
2.729959123862106818e-01
1.431356549448902504e-01
2.994345138986362898e-01
8.500474965139288575e-01
8.520986471359198733e-01
7.262948224837333377e-01
2.573326623592376849e-01
2.143672382697641154e-01
-8.306509869023255277e-01
2.196290423716989182e-01
-2.464515719878386246e-01
-8.087349074144386529e-01
-5.801668290915150683e-01
-4.542279226854196161e-01
9.619414756133241040e-01
-5.920300213475262474e-01
2.937712729273057599e-01
6.235568858776381340e-01
-6.283652862463016131e-01
-9.766511392758472354e-01
7.571528322436464897e-01
-4.540215506563685111e-01
4.634411097572250782e-01
9.344442645403905345e-01
-1.613940216401593686e-01
6.656060193512431944e-01
-4.032670692274806790e-01
-4.525275026598660766e-01
7.008620461286614312e-01
-1.998146483120443184e-01
-3.378446629482133590e-01
4.807942799367963260e-02
9.998182019463871528e-01
2.520119437352307257e-01
7.388372859777323498e-01
-4.472648115121752310e-01
-1.061622932708639055e-01
6.167758845393422895e-02
4.778558556791826506e-01
-2.678476877057547334e-01
6.295636652956672075e-01
-5.740342319579152530e-01
-4.457036845365290323e-01
3.096103732045079049e-01
-7.697359865036701443e-02
3.361425956131139370e-01
8.547385408749538227e-01
-5.812078795305704038e-01
-3.769553298462826607e-01
9.378627426772654374e-01
-4.661493120124921008e-01
-4.537785389776766154e-02
-7.301285260594461146e-01
-3.210780572076556427e-01
3.528810235445409837e-01
6.969752756105755953e-01
-9.850843882717698063e-01
-6.057863436753454511e-01
-5.347373489376968658e-01
6.946764296395147031e-01
-1.470929575512511800e-01
3.448896762100509550e-01
2.018066991155897938e-02
5.781879201106770311e-02
2.189473475057752694e-01
3.001559033753276040e-02
