-2.387516203410814108e-01
6.925408641476306082e-01
7.530782047135001767e-01
8.448668682728017743e-01
7.717762749820493706e-01
3.977478604207085877e-01
-9.840938624864276063e-01
5.219785664478666654e-01
-8.373882190708613615e-01
-6.162136642049892421e-01
-6.872512636440881728e-01
1.981637008573766956e-01
-7.146456998246301096e-01
8.220869068737637897e-02
7.641316141288402308e-01
-1.114774344801280903e-02
-2.234349759941729463e-01
1.079570893577677521e-01
9.879748980195082186e-01
-5.879551364190875873e-01
-7.107633763721954434e-01
3.105445755730807389e-01
8.811875196605395422e-01
5.847974720582689301e-01
2.144370607724791489e-01
-3.912696204883909235e-01
4.689913206751755714e-02
2.288471427237515621e-01
-1.102133757657619423e-01
7.397484654269070870e-01
4.325440409779306994e-01
-9.517418231829621877e-01
1.804117744221527264e-01
3.772651469666900986e-02
5.705489894227153691e-01
-5.947278906275671462e-01
-1.200839847894826923e-01
8.815595509707528921e-01
-1.000000000000000000e+00
-2.501233362787060877e-01
8.850303818058246064e-01
-5.312992211842438861e-01
-1.755241664093189213e-01
-6.793644706944435008e-01
-1.000000000000000000e+00
2.503440478388433976e-01
2.358146243298868405e-02
8.270365544760744925e-01
1.639637678810703936e-01
2.084944116363410815e-01
2.763367188190370971e-01
-5.255584594380116048e-01
-7.943992854213969279e-01
-7.501411580913101007e-01
5.344401275696162301e-01
2.599789219206528612e-01
5.026065359736622273e-01
2.669938084673419976e-01
3.948096580529980026e-01
6.143910035508876044e-01
1.000000000000000000e+00
7.996572173538076811e-01
-4.221367103802193821e-01
-6.926805199258946333e-01
-6.839146312740934652e-02
-4.371177006390623010e-01
6.081146288460981264e-01
-9.056699554396900886e-01
8.523517687242766483e-01
-6.907272508732571481e-01
8.362285828236107887e-01
-6.617686787178083119e-01
1.078599734132349303e-01
9.749098748576097151e-01
-1.618758562511530830e-01
3.429302901775904133e-01
-7.336889485742073558e-02
2.107129138925348533e-01
2.323040079079640163e-01
-8.790186666209018895e-01
-6.019889604779610215e-01
7.136324492849989154e-01
8.691504729819827801e-01
-2.081479941166350378e-01
-7.381051364368018675e-01
6.536789766662357559e-01
-3.348028774383086104e-01
-5.032158715756838152e-01
9.879410359567154520e-01
5.969734711292081775e-01
-7.398098022760549730e-01
6.697088693113906199e-01
1.000000000000000000e+00
-4.676845016389552523e-01
-6.244664812757939609e-01
8.920600494795934976e-01
9.958353711064488190e-03
-9.578172497660402129e-01
-2.825720304181428277e-01
-5.145065967050128641e-01
2.706707479541203276e-01
-8.178155678638533432e-01
1.549777271038275395e-01
-6.049371480081335850e-01
2.686154427396574285e-01
-3.758426301681941917e-01
3.140280396183783296e-01
-2.801182073869926681e-01
-4.086419190802292878e-01
-7.911746458551286443e-01
8.761725309016339391e-01
7.354115995196764954e-01
1.000000000000000000e+00
-1.000000000000000000e+00
-3.719302369561368060e-01
8.417571177115915626e-01
-9.163022683234300914e-01
5.407699607259323082e-01
-6.933065611439674925e-01
-6.589987649851168916e-01
-7.616728725034174197e-01
-2.723586351747150913e-01
7.363041741294635845e-01
-8.264966113764251610e-01
-1.000000000000000000e+00
2.268931351953511200e-01
-4.635237653303414529e-01
8.708858207581102739e-01
-9.023331090631676599e-01
1.000000000000000000e+00
-7.769705976347931475e-01
2.822605126355207661e-01
-2.533855593594457889e-01
-6.799804409531357008e-01
-8.732005995894158712e-01
-4.127095339532886875e-01
4.672867511663252871e-01
2.815508416071800801e-01
2.715460437738989041e-01
4.674106195402031871e-01
9.780766996882177544e-01
-3.305032086124827240e-01
-8.374541599340769027e-01
-4.343302904170868728e-01
-6.432402675185530105e-01
-7.136877428382754074e-01
-2.123852087534672806e-01
1.113049835117908837e-01
1.253764072638794969e-01
6.309908019542720403e-01
6.372227711356064361e-01
3.510837843263583391e-01
-1.262387286240994888e-01
7.399861523790738360e-01
3.208562521185007177e-01
4.972271219090420580e-01
8.263134372333714728e-01
2.938046544492174950e-01
1.628489226048388250e-01
1.368938761035655149e-01
1.022537154011840810e-01
-1.000000000000000000e+00
-2.863385100951088558e-01
8.667032011239121925e-01
-1.717705005938978957e-01
-3.388652184531827649e-02
-2.803255975826267066e-01
-6.126047741275100211e-01
1.000000000000000000e+00
-4.950131922793229444e-01
-2.570151070560025564e-01
-2.235339205028841203e-01
4.284476738868416845e-01
-2.370768671844505349e-01
5.308826180738037692e-01
-2.171125021422715407e-01
-5.934514056608073407e-01
-1.000000000000000000e+00
-6.047713183798586467e-01
-5.493131718536330144e-02
-1.671902761562369666e-01
-4.890251894158456625e-02
8.742830817144997546e-01
-4.678767183424243914e-01
-5.386817862452917272e-01
-4.822785150900648077e-01
8.427207598507210351e-01
-1.000000000000000000e+00
9.450334003757427936e-01
-8.671603462075279101e-01
-8.811201034993622061e-01
6.872855944037535858e-01
6.931613554021383017e-01
-5.583646371769296346e-01
3.772615349548090746e-01
8.176447332918690414e-01
1.000000000000000000e+00
3.533279592408380965e-01
-3.352862397063195721e-02
1.544399309426126021e-01
-3.374953820062344123e-01
4.158836099674932951e-01
1.041803455668477429e-01
3.084448087019682760e-01
-8.181749846793258119e-01
-4.288177847804652831e-01
-7.483722206088393447e-01
9.173801848758628141e-02
4.693969201895626941e-01
4.958691992930620018e-01
-7.190053483627865116e-01
-7.451692023686651289e-01
-3.245441387635576991e-01
-2.368454945525114985e-01
2.354450981836950785e-01
-4.055001016835975136e-01
-8.440957127277252114e-01
4.791956372041072942e-02
-6.171604644035859621e-01
-7.356339280457929730e-01
1.837644430529172812e-01
5.551617619747815091e-01
2.495917904389162445e-01
-2.406836096550831194e-01
1.172296978631617304e-01
-3.979019144590509871e-01
5.874100154155208475e-01
-3.859981726860131634e-02
9.671415200588830974e-01
6.474984989071893571e-01
3.398562576900515664e-02
-3.815970515367552718e-01
4.669036820239193530e-01
7.961726866136962233e-01
4.622780754991633878e-01
3.873145620401194367e-01
1.919762219430729000e-01
4.165364931056884934e-02
-4.599672170192342646e-01
3.130735475560467163e-02
6.151645316928420204e-01
1.775342569726737207e-01
-4.214464148330313575e-01
-1.319327522042769707e-01
-5.722078665896492833e-01
3.890857525091240277e-02
6.505180808916131985e-02
8.655599040268276978e-01
7.760612411156329049e-01
9.054312504286365915e-01
-4.228348918619082575e-01
-2.202629613082497662e-02
-1.828699449166142355e-01
4.499348279248214788e-01
-2.614025940520331992e-01
-8.857342417160201098e-01
6.394986704128724497e-01
-4.638899982959249213e-01
9.549671041377050251e-01
8.353417259378749238e-01
-9.120255416191467290e-01
6.841067739731103714e-01
-7.052394635749184015e-01
-4.615653158471727524e-02
8.363456237742838972e-01
