1.000000000000000000e+00
4.546419153139984459e-01
2.375489661390537410e-01
-3.115966606932841221e-01
-9.981554935632885872e-01
-9.969136045205263530e-01
8.352870903694527005e-01
1.940227294795712765e-01
1.000000000000000000e+00
-1.000000000000000000e+00
3.004432945569563973e-01
-1.000000000000000000e+00
-1.000000000000000000e+00
-1.130827043830364698e-01
-9.768326897341530479e-01
-1.000000000000000000e+00
1.000000000000000000e+00
6.426698422669462341e-01
1.000000000000000000e+00
-1.301550598317291647e-02
9.976389447823493795e-01
9.817346027952389420e-01
3.041187513283972743e-01
4.128641084505449976e-01
8.629872691141746710e-01
1.000000000000000000e+00
8.473367240216689300e-01
-6.302234895221791033e-01
7.098254048634116131e-01
9.318698556034922253e-01
5.908315283974259202e-01
9.869783250084188664e-01
6.818210686146655153e-01
1.000000000000000000e+00
1.000000000000000000e+00
1.000000000000000000e+00
1.000000000000000000e+00
-7.986608342836787333e-01
-3.252887913676330567e-02
-8.934189771541152236e-01
2.086025342731388510e-01
8.372613721172664780e-01
-1.000000000000000000e+00
1.000000000000000000e+00
-1.000000000000000000e+00
-1.000000000000000000e+00
-8.606006015972984535e-01
-1.932559993258635145e-01
-6.174313537512103878e-01
-9.996847175489481652e-01
2.683653745619962172e-01
-1.000000000000000000e+00
1.000000000000000000e+00
6.642202282102056543e-01
-9.828916175971686986e-01
-1.000000000000000000e+00
4.382510122407805020e-01
-9.990374114822710983e-01
-1.000000000000000000e+00
-5.725234199262618784e-01
-8.156976452503749142e-01
-1.269271777190736361e-01
-9.696251915762887919e-01
9.119633452980822064e-01
-3.597907006924841999e-01
-9.164250129453501703e-01
-9.738606657431252422e-01
9.751353665732754861e-01
-9.546672878379904859e-01
-8.018290202991422699e-01
-2.390689638960192542e-01
1.000000000000000000e+00
9.869204648167810845e-01
1.000000000000000000e+00
-5.082461573392393905e-01
7.011793227869523859e-01
1.000000000000000000e+00
2.962985103526533659e-01
8.697917039379385873e-01
4.800526088697046334e-02
1.000000000000000000e+00
1.000000000000000000e+00
4.276543696682391094e-01
-1.000000000000000000e+00
-2.257473280978374713e-02
9.645722600993557050e-01
-5.327068157289487349e-01
-6.043272584894272548e-01
-1.699997291143506839e-01
-1.440788221525237112e-01
1.862998879210445713e-01
7.159822387123664089e-02
7.913519419284379408e-01
-9.991021451218197180e-01
-1.000000000000000000e+00
-1.000000000000000000e+00
6.290986762555882406e-01
-1.000000000000000000e+00
1.000000000000000000e+00
-7.056248358854626535e-01
6.326489360988709620e-01
1.835637151343354201e-01
4.994566460367891314e-01
9.433171426096349510e-01
1.319366739557380208e-01
2.816782715440198093e-01
1.000000000000000000e+00
-5.007492398669268624e-02
3.113049174849979450e-01
2.627556526720963848e-01
6.111435044296885666e-01
-8.660523315460924021e-01
1.363311462330790147e-01
1.298624097579142156e-01
5.089122271656789653e-01
9.837275592832889215e-01
5.339277177922726603e-01
2.569296578651804053e-01
9.145620583080980026e-01
3.880530570569007409e-01
-9.244915769085592094e-01
-6.067513494462534185e-01
-1.000000000000000000e+00
-9.180886961077069364e-01
-6.490106238846660158e-01
9.383367487243990945e-01
-9.104751789281577690e-01
-9.831713839199367477e-01
1.000000000000000000e+00
5.560965619905574586e-01
1.000000000000000000e+00
2.049463175093402811e-01
-5.567115515421880434e-02
-8.520554539345445155e-01
-1.000000000000000000e+00
1.375054680474734892e-01
1.000000000000000000e+00
1.000000000000000000e+00
-1.000000000000000000e+00
3.099131162879631418e-01
1.000000000000000000e+00
-9.467498926453117303e-01
-8.045729223749277237e-01
2.190690188376225866e-01
-1.000000000000000000e+00
7.909505989562434225e-01
-1.000000000000000000e+00
-9.465782997515996833e-01
-2.778268544415635755e-01
6.019224196183524667e-01
9.501545264606416907e-01
-1.000000000000000000e+00
-1.000000000000000000e+00
9.970385033132549424e-01
9.960287247294971058e-01
-2.435449279885436857e-01
-6.079064820323326623e-01
1.000000000000000000e+00
-1.000000000000000000e+00
1.000000000000000000e+00
1.000000000000000000e+00
-7.392769067908222524e-01
8.228322333710786918e-01
-9.999994589995188088e-01
-9.564102464356584177e-01
-2.299442405633535247e-01
1.000000000000000000e+00
5.543356329903507129e-01
5.100185135600904252e-01
-3.714516735772575018e-01
-5.642433998854717858e-01
8.511767570727228893e-01
-6.925137665653379182e-01
-1.000000000000000000e+00
9.868189743013122683e-01
-1.000000000000000000e+00
3.800378022534380285e-01
8.751128560523864230e-01
1.000000000000000000e+00
-9.489947687986218794e-01
1.000000000000000000e+00
8.049950227847649242e-02
-3.285864517373696114e-01
1.000000000000000000e+00
5.780037408429677948e-01
8.114981932668817732e-01
1.000000000000000000e+00
-1.000000000000000000e+00
-9.588217215223443501e-01
-9.844540647542171508e-01
8.222346740301887946e-01
-9.798794429059297650e-01
3.069522767525367790e-01
-3.738660418246283479e-01
-7.075205277559326600e-01
-9.767377571455994334e-02
-6.067018162043186225e-01
-9.620819205922221951e-01
9.045412333460244314e-01
1.681608403058385270e-01
-9.320181251834658287e-01
9.391042195786021285e-01
4.629568457880413324e-02
3.114194323166822875e-01
1.000000000000000000e+00
-2.479522084526307457e-01
9.201608835896549765e-01
-1.000000000000000000e+00
-1.000000000000000000e+00
-1.000000000000000000e+00
-1.000000000000000000e+00
4.295608638266428247e-01
3.309463591661251369e-01
7.293341293551976190e-02
-1.000000000000000000e+00
-1.000000000000000000e+00
-1.000000000000000000e+00
1.000000000000000000e+00
1.000000000000000000e+00
-1.000000000000000000e+00
5.308751058055428684e-01
5.368020909883639558e-01
-8.443539502189653101e-01
5.382881110812012260e-01
-9.001854883756604808e-01
7.858372317849495747e-01
-1.000000000000000000e+00
-5.958094781555639541e-01
5.567813110616419703e-01
7.971297969500320546e-01
-4.634462344143880363e-01
1.000000000000000000e+00
-4.634221604002126127e-01
1.491155373043935410e-02
6.498041999820519665e-01
2.526760954179084126e-03
-8.176208716858883729e-01
-1.136456896211601036e-01
8.696651767512240117e-01
6.275106611177019289e-01
1.000000000000000000e+00
1.000000000000000000e+00
6.019021513936726464e-01
4.999686255828370007e-02
9.281675474759258915e-01
7.900911705660716988e-01
-1.000000000000000000e+00
8.208116955310312823e-01
-2.738075813161819361e-01
4.797279322779717803e-01
5.226316853854561240e-01
3.595493667119382952e-02
9.769597355075746448e-01
3.360599706428780697e-01
-7.752657241700955382e-01
-9.091159681529924486e-01
-5.611859291406099404e-01
-1.000000000000000000e+00
-5.749952466237857607e-01
1.000000000000000000e+00
-1.000000000000000000e+00
-1.000000000000000000e+00
-1.000000000000000000e+00
-3.540835492516043459e-01
1.000000000000000000e+00
