-1.000000000000000000e+00
-6.563755200839932469e-01
9.991603545329927893e-01
-8.440075843481507079e-01
-1.000000000000000000e+00
-1.223949729524071925e-02
-8.610702499291716938e-01
-5.536376944802567923e-01
-1.764706079185818788e-01
9.219808695431556123e-01
1.000000000000000000e+00
-5.485284114947344136e-01
1.000000000000000000e+00
6.934495128615240089e-01
1.000000000000000000e+00
7.052623065253742496e-01
8.961791229399462821e-01
5.609067856461781298e-01
2.656982496545738370e-01
-9.958133584103484592e-01
-2.966864474825121056e-01
-3.564684093830640110e-01
8.656446963460403543e-01
9.883066796499556661e-01
2.330699947312623033e-01
-2.244589342745930971e-01
8.878563786535929037e-01
-6.019871392288904666e-01
-5.769552394689834163e-01
-1.100786708916789980e-01
1.000000000000000000e+00
1.728492052331158380e-02
1.498839493257323463e-01
6.240028462398794495e-01
-6.332754155770559112e-01
5.060294663116862157e-01
3.663261487339770917e-02
-9.272296337450370851e-01
-9.602052937234840657e-01
9.998195566254372002e-01
4.341704009646158435e-01
-5.542203512392017695e-01
3.912886809334922139e-02
9.403323179280331789e-01
2.158043473253698774e-01
-9.908857440371855452e-01
9.846133266452857802e-01
-9.395125818341443225e-01
-9.229707512136761105e-01
-2.008063983840169264e-02
-1.049364824343490543e-01
1.050191298565024134e-01
-1.000000000000000000e+00
-1.751265032788270060e-01
-5.354509774332143479e-01
6.104654526684458737e-01
6.562954215816969583e-01
-2.816923672415928004e-01
7.501359532277895870e-01
-7.117741182284260670e-01
9.417186639285651806e-02
5.119742697278972798e-01
-8.724128375160620230e-01
-5.924518679883723493e-01
1.000000000000000000e+00
-2.391206992814035037e-01
-8.918643208764306385e-01
-1.000000000000000000e+00
9.465124050780884257e-01
3.689742860882191944e-01
1.252854348309594690e-01
2.977517956413329725e-01
1.807702726590849213e-02
-2.274608011391932305e-01
1.000000000000000000e+00
-9.590892039991125717e-01
2.053812550471403042e-01
-5.101537056346127086e-01
3.128346081563337377e-01
3.380419667688703278e-01
-1.000000000000000000e+00
-7.210471016324372651e-02
-8.241558580212982044e-01
2.566766059203629685e-02
1.852030488725348867e-01
-1.000000000000000000e+00
9.488671749471622174e-01
6.635358725813206293e-01
3.935376873420296517e-01
-1.000000000000000000e+00
-3.965908130888827210e-01
2.308651889221035453e-02
1.000000000000000000e+00
-7.646525558092718278e-01
3.069447868651297567e-02
-9.551627128993628313e-01
-2.872448318440415371e-01
7.605742850128436316e-01
-4.446753767793207301e-01
-1.000000000000000000e+00
-1.000000000000000000e+00
-6.185807892911810990e-01
-5.726788172469104987e-01
-3.400441234159751192e-01
-1.587586157870509718e-01
-2.204812032115302523e-01
-9.534361604956402836e-01
5.455122408546415613e-01
-1.000000000000000000e+00
8.945574475652533497e-01
-1.953314732292059375e-01
-9.035345185190547523e-01
7.673025149898163866e-01
-9.557993413668158800e-01
-9.272706058047032185e-01
-1.908894830747731308e-01
-5.454094729550680309e-01
-9.768862859998603820e-01
-5.509332735607596065e-01
-1.825378153296757788e-01
2.371484931482271963e-01
-5.019906979084944876e-01
-8.989953094421677671e-01
1.125706749710854437e-01
5.781918986641000346e-01
-2.303299268270169731e-01
4.117807762638346913e-01
-1.636458808801950493e-01
1.897809111543524718e-02
5.365552828010833331e-01
-9.939947004969994504e-01
-2.554108253141089691e-01
-9.382316759220591385e-01
9.744755117323095073e-02
2.191005033513478972e-01
2.844274587093982842e-01
1.000000000000000000e+00
-7.574802069217039246e-01
6.627676906760715525e-01
9.154295120356233939e-01
4.871445697380816231e-01
5.823669055968765385e-01
2.598927588868756855e-01
-2.508218159568467165e-01
9.888946921575699767e-01
-4.789303472679401485e-02
-1.000000000000000000e+00
-5.407975157189376381e-01
5.802889072663696135e-01
-1.000000000000000000e+00
2.175346219518693169e-01
-6.205245543644800632e-01
-2.356876068623321371e-02
-5.568237983146094860e-01
-2.985221472560037892e-01
-6.396922562534260726e-01
6.612700879774597862e-01
-4.101860673485953623e-01
9.862956735867799418e-01
-7.912308823753541054e-01
8.220195184935220889e-02
-4.008346302427504004e-01
9.214329903604628891e-01
5.195851275854853624e-01
-1.000000000000000000e+00
-1.000000000000000000e+00
-6.730979753518905317e-01
2.812689857945036009e-01
5.530983484991016663e-01
9.999765177970830754e-01
9.470530973708091160e-01
7.545926072769503223e-01
-1.000000000000000000e+00
1.560804157894719602e-01
1.426606308295022829e-01
1.000000000000000000e+00
1.000000000000000000e+00
-6.597733586244014514e-01
-1.000000000000000000e+00
1.000000000000000000e+00
-9.811504734748048850e-01
8.916498081399579778e-01
1.000000000000000000e+00
-1.000000000000000000e+00
1.000000000000000000e+00
6.141881574645656761e-01
-2.977759315492630732e-01
-9.731925241334176135e-01
3.460503607987696628e-01
-3.881569492099910118e-02
-1.000000000000000000e+00
9.995897794964357930e-01
4.761838500616171199e-01
-2.072505813269792108e-01
1.000000000000000000e+00
8.165864592298189839e-01
8.076927917196473627e-01
-5.282473962361069336e-02
-9.473129789850563975e-01
5.140047059502308446e-01
3.998579504631702974e-01
-7.911340061782486943e-01
-1.000000000000000000e+00
-9.741226975242063268e-01
9.214030815360663151e-01
-6.870268933745644624e-01
-4.957840799721657254e-01
-2.445273678925883876e-01
-5.034376826417553685e-01
8.932099424481866334e-01
7.213574615961823588e-02
1.496948069557625383e-01
4.286488591779492596e-01
1.000000000000000000e+00
-3.656490582556526370e-01
4.814127081105362693e-01
3.628299841025757200e-01
8.536864509543601320e-01
-8.723736163474840044e-01
-2.715589899659079931e-01
-7.257461595087362216e-01
-1.000000000000000000e+00
-1.000000000000000000e+00
4.643932347834079377e-01
3.875102199196659436e-01
-9.280460353508829252e-01
-4.968265275642866907e-01
-3.287750358968682951e-01
-3.696014339340664701e-01
-1.000000000000000000e+00
-1.904665501604528022e-01
7.337334065561853524e-01
-1.000000000000000000e+00
9.677007961285777338e-02
-1.000000000000000000e+00
-5.160982714402556626e-01
-5.570926355569253419e-01
7.682628583717636406e-02
6.481545778822951354e-01
1.000000000000000000e+00
-3.013451385088310452e-01
4.725397139645328703e-01
-1.000000000000000000e+00
1.000000000000000000e+00
5.489455688852641346e-01
8.857087017720802757e-01
-2.419893760128794813e-01
9.784380813880025896e-01
-1.514987121539828896e-01
-1.000000000000000000e+00
-1.000000000000000000e+00
-1.000000000000000000e+00
-7.901267423632589715e-01
7.239733881116440228e-01
-5.652381020982237825e-01
-1.000000000000000000e+00
4.254860699833748483e-01
-7.677480963529610403e-01
-4.983001647461601791e-02
-3.135258304273554897e-01
-1.000000000000000000e+00
4.229385008084473596e-01
1.000000000000000000e+00
1.000000000000000000e+00
7.324866867603829768e-01
