4.333515399823713588e-01
9.567687995177365234e-01
-9.311912541230958906e-01
-6.700736545452042892e-01
-9.147490448417874287e-01
-1.467343355424337581e-01
7.922741283434440174e-01
1.050680701077585100e-01
1.211130749315245669e-01
-1.193609259216987795e-01
-4.775860647170583895e-01
-2.068547687316439898e-01
-9.801137514094151459e-01
-7.513174537939080189e-01
-1.590965059785485192e-01
-5.795409288344320897e-01
1.596365013089979801e-01
-3.150500661372519495e-01
5.887978912323119651e-01
4.089954718739672312e-01
1.000000000000000000e+00
-6.833488687374794646e-01
-8.710248860432265872e-01
-2.526957519588777235e-01
8.539208120847198158e-01
6.425901124947228649e-01
7.857697845928730551e-01
-8.267607219172150579e-01
4.478381405480935662e-01
-1.723524677604213462e-01
6.877907036004458075e-01
6.446285412551941985e-01
8.168407272471548408e-01
8.281119913621128870e-01
2.761655538761935702e-01
-3.445183843468992424e-01
8.774886085759459053e-01
1.903006962439441896e-01
-7.849457481380868185e-01
1.373124468793611164e-01
-9.614863555464925327e-02
-3.102196894906929514e-01
-6.393033216138985786e-01
-4.746948307801407974e-01
-6.595958936202908074e-01
-8.515386744289530352e-01
4.276239379957740838e-01
4.580930531898523839e-01
-5.109023400388696956e-01
-6.250441642302049239e-01
-9.434217456788789313e-01
-4.602654262359033854e-01
-5.287841101742602606e-02
-6.381842116089146977e-01
-1.000000000000000000e+00
5.241452258962739919e-01
5.984571328270313906e-01
7.693853051756321948e-01
-2.818612210075577273e-01
-1.000000000000000000e+00
-1.780910988909990833e-01
-6.331837710730802149e-01
-6.955855095301166635e-01
-3.609233630977266571e-01
-8.743019632738151525e-01
-4.364369868542983255e-02
-8.406916771173518210e-01
3.540888487121274242e-01
4.140992017960836713e-01
5.296897937505212761e-01
-8.715710211427318832e-01
-5.903436742843357621e-01
2.894309112082302238e-01
7.221580768824209517e-01
4.136186127932877099e-01
-9.825787522831721521e-01
-7.847291456844492918e-01
3.201391601788909913e-01
2.111122307782445640e-01
-5.970203634020437855e-01
-6.786273435922066666e-01
-2.075828786650213142e-01
-6.469155718358403639e-01
-8.391940154682164810e-02
2.048860566623560697e-01
4.019217180491736485e-01
-4.200464725127466270e-01
-5.257866467685375911e-01
5.756003679583465704e-01
3.654271268649852411e-01
2.915733049167242852e-01
-2.053858570978578935e-01
-7.226342570215904537e-02
-9.453614690486766836e-01
-6.914753408712106530e-01
9.327483759767878080e-02
4.497544534204858113e-01
-2.247811584348250180e-01
4.716487308534504930e-01
-2.077916832433519823e-01
3.414787344004290848e-01
-2.819484828710394630e-01
9.919046512598219678e-01
-1.464470015136750958e-01
2.848580425485049972e-01
-3.695644389366898874e-01
-6.384608552864030617e-01
-8.595198046143119885e-01
1.000000000000000000e+00
6.570349086213935763e-01
4.166028136399689830e-01
-6.077063534676907519e-01
2.102211015787163184e-01
-2.673719489379096093e-01
9.385659912369674895e-01
-1.668821193259035010e-02
7.086088100798166867e-01
9.540797934411082704e-01
4.074206933422580557e-01
-5.252990776240080706e-01
8.656146934746259403e-01
-1.717912230014137509e-01
-4.830925163299536473e-01
-4.453701814645652513e-01
-1.997881955459014369e-01
4.848771363173658422e-01
-2.449317293113189575e-01
7.533124574661268502e-01
8.430272062829349267e-01
8.696551869924818989e-01
8.122356619001293021e-01
5.408990706234391155e-01
6.818630785060814103e-01
-6.374415362170537946e-01
-9.152111113217245020e-01
-4.222220981319275979e-02
-3.690350235657870459e-01
-4.500419492002463162e-01
9.504825797089009320e-01
-9.182176857398466341e-01
-1.984202981037306301e-01
-8.548209013182996863e-01
1.978520584582388331e-02
-1.371103706575647896e-01
-2.519990937345820692e-01
9.125872322289432237e-01
-2.647983208606461414e-01
-2.316160232302644506e-01
-4.027862739115638246e-02
-2.633151332582484017e-01
1.444977070521434315e-01
-6.893385060087755534e-01
6.245334326380287404e-01
1.360671905139989590e-01
6.285595925057565481e-01
-4.907304628322911588e-02
-2.333942273732711736e-01
2.085941477880245420e-01
-4.661903398508189245e-01
6.847801284800182353e-01
4.670893428774837153e-01
-8.111808715168298267e-01
3.522940780969527341e-01
-2.084182595828182327e-03
-7.795258373339249980e-01
-2.479256123605074191e-01
8.901090298447772442e-02
6.161938787748345581e-01
8.470484754919420656e-01
-1.000000000000000000e+00
7.351705219813720049e-01
8.035640722086174748e-01
-9.417966272966561414e-01
-8.574122145626870140e-01
2.700586559178984603e-01
-7.244735497046252970e-01
-2.138640054000932877e-01
-1.922511734927134786e-01
5.277274431543315103e-01
5.878609127392956379e-01
7.897739399461762844e-01
-3.086993480767895592e-01
-6.379468834027153257e-01
8.852693456577107600e-01
-6.892745490322866875e-01
4.361167880269616881e-01
7.580750974337375769e-01
5.090349155405221593e-01
2.741205492456097459e-01
6.424728621612125767e-01
-6.334719675459237198e-01
-8.103204539652655303e-01
-6.530789835922607978e-01
-2.079279780566445357e-02
9.180940762397842292e-01
7.318470253914713952e-01
-7.299778481745815562e-01
6.006351268423039125e-01
8.319381147819560063e-01
-2.039253453584716214e-01
-8.897744894629283641e-01
8.616590195546272035e-01
2.975314606330558553e-01
2.866648765729269965e-01
2.023534726958121643e-01
3.128987884801426311e-01
-4.197828943685387726e-01
3.464223999177997726e-01
3.566414600387503020e-01
-7.933003405826930532e-01
-1.936826092243727482e-01
5.697400404536356877e-02
-3.741648839191911713e-01
1.591014036576401947e-01
7.868694510288940513e-01
-2.202078484743754117e-01
-7.961706816060767355e-01
-8.897026583461591365e-01
5.668450321813478521e-01
5.081078847743811799e-01
-9.652371756711294881e-02
-6.102064785258672908e-01
4.217730660993108116e-01
-7.614964400319121918e-01
4.193642576216859985e-01
5.205692374660135791e-01
-1.561532665934175224e-01
-4.767933807620751696e-01
-6.635269334721960455e-01
-9.450519918707571687e-01
3.666872231548781169e-01
3.511160213041722433e-01
-9.358737906938141560e-02
2.819197631455450104e-01
-3.287669926392745579e-01
-1.725850331772764146e-01
-8.710520907192126350e-01
2.203666578706346135e-01
-3.673420277751422436e-01
5.656300783131276710e-02
-9.628198239710686890e-01
6.535222127270959858e-01
1.943264918910528605e-01
2.338027511408213299e-01
-6.982338933124688785e-01
-1.000000000000000000e+00
-3.439196112195085364e-01
-3.097218431882174938e-01
4.718227304313216131e-01
-6.327503621300302195e-01
-4.718513305782852107e-01
4.784503606625275518e-01
3.261008086466926637e-01
7.050710581037351599e-01
9.482022903768344557e-01
6.135583559043370494e-01
4.024911135397560846e-01
7.943291548814033209e-01
4.555260779771186375e-01
7.334781479048885222e-01
-1.442934347242925408e-01
-7.492731769283480503e-01
6.005020900528162953e-01
7.997599961298288429e-01
-2.519884724301563739e-01
