-7.144961614295750052e-02
-9.844579816201497469e-01
1.629072350770813804e-01
7.530722089878816305e-01
2.590614867784675202e-01
-8.157817355250553959e-01
-5.171031651569980570e-01
4.085049974569112674e-01
-1.000000000000000000e+00
6.520156352684260970e-01
-8.145402469321341155e-01
4.315027508829243352e-01
-9.419050363528648218e-01
-3.020449186239648753e-02
-2.066834669626459453e-01
6.745152142361704461e-01
-6.631755347361825148e-01
9.049165783432837618e-01
-5.857692295850699393e-01
7.854878357065517847e-01
-6.266940414675155058e-01
-8.251185089376414927e-01
7.494777694836997073e-01
1.404480725076260872e-01
-4.866611567314429454e-01
-4.807894985393228460e-01
5.038172699391467724e-01
3.363533498215428574e-01
8.815837775815348332e-01
4.829139262018262713e-01
-1.000000000000000000e+00
5.686532634150291976e-01
-1.980040534780209971e-01
2.559241424708575963e-01
-8.232450454661315309e-01
-9.154346375037927253e-01
-2.277727129687352470e-01
8.461483852413418383e-01
9.414259441382264448e-01
-8.660162961982162955e-01
5.004474320237153329e-01
5.644961022110468463e-01
3.110104142857512688e-01
4.286637510617847813e-01
-9.530840033592014038e-01
-2.958441403289008287e-01
-2.770235395233837661e-01
-1.653322869428934527e-01
9.937851286180543475e-02
-9.810410795025901187e-01
5.085189093656593551e-01
1.991071806243225328e-01
3.559291177828982633e-02
-4.899550690474471781e-03
2.257278089031219959e-01
7.095103302363039433e-01
-8.886495197685182479e-01
1.193377456880280185e-01
-6.044612159957246655e-01
-6.888027944357488774e-01
5.606628500158805650e-02
-9.848408622802931056e-01
7.411522026803351038e-01
-4.788261479460669268e-01
-8.664795554161052182e-01
-8.659576540630962160e-01
-5.139899129273510781e-01
-5.950173050615643611e-01
-7.531794582018664919e-01
-9.358904369329913431e-01
-4.866422745508303116e-01
4.536767639793216622e-01
2.191379485407456418e-01
5.563151395297227797e-01
1.065118254094870043e-01
-5.912543678004833492e-01
1.213842430110651793e-01
6.491359671000289655e-01
3.383000896769685628e-01
4.845130888859545126e-01
7.794516190691709312e-01
5.810138345254807213e-01
2.700978435234533404e-01
-2.248169613689805502e-01
6.255539213051213299e-01
-4.724690162986524555e-01
8.218242267283775160e-01
9.661326504100120616e-01
3.532668714753237627e-01
4.451971464220185748e-01
4.747688328001795632e-01
-9.147581811367937465e-01
4.845813478200577396e-01
9.800129372025214725e-01
5.026781439465509704e-01
4.604019688128673238e-01
5.987860124088866254e-01
2.499405637692757587e-01
-3.457905409716388601e-01
-9.968584798706705552e-01
-3.290392569206693762e-01
-1.075940844758539461e-01
-2.968726653091082746e-01
-1.998116242709846446e-02
-4.144761464950681429e-01
-9.462683521552625043e-01
8.195164239651596683e-01
4.219813533696327723e-01
4.991640172763336381e-01
5.990721328136199286e-01
1.896209104063642237e-01
-8.561178517989724845e-01
-2.176397607620539354e-02
-5.893382857030968758e-01
-5.931695200690978442e-01
6.218972966165219329e-01
8.233135770917302532e-01
-6.174360771148352800e-01
5.226925094541430283e-01
-8.504884776890377918e-01
3.171832670468766047e-02
-4.347890010329886756e-01
9.397096881058168982e-01
2.444305500951549082e-01
2.737377752653119556e-01
-6.157245917514921896e-01
1.909977674287896554e-01
-6.847544077910809879e-01
2.275386568104803275e-01
-6.811847141890061685e-01
-6.160680772076174150e-02
1.202400981543052527e-01
-9.942254927375975271e-01
4.732224791593209190e-01
-8.858240747900312240e-01
7.769759528276933835e-01
9.808860351476120787e-01
9.021035659105164362e-01
3.243541567911858436e-01
3.094610841337572804e-01
-4.808734226272333157e-01
-5.850641692311646658e-01
-9.407735859532806444e-02
7.446638787353769828e-01
8.123978557084214902e-01
-4.721154679189068504e-01
-5.230913331207001082e-01
4.247570388431161081e-01
-7.674414010553779475e-01
-3.862811504193224277e-01
-4.611122631617177170e-01
-9.284711977944235528e-01
-3.441126300597012189e-01
-3.877670325224797931e-01
1.000000000000000000e+00
-7.765465340207038381e-01
1.385384331657291135e-01
-2.340311177913547425e-01
-1.942369870036522173e-01
-6.670629783138148916e-01
9.080894863197874756e-02
-3.217769592193167050e-01
-4.187084307975131869e-01
-3.071649801537850166e-01
-9.752968192118489643e-01
5.337276637843164639e-01
2.570121231748265789e-01
-9.206808345962886886e-01
-3.893122658508303413e-01
-5.363946439160134361e-01
-1.233725357781133292e-02
2.314961308070482282e-01
-2.709925907085418695e-01
-6.951058678582038297e-01
3.155200509155692834e-01
-4.625974470096285707e-01
8.732907892033350272e-01
7.299091707796465656e-01
-8.693613097395775924e-01
-9.273544954708226595e-02
2.596813576568515192e-01
-1.278680830832207294e-01
1.266915641466801468e-01
6.452684125576684249e-01
-3.793071346078364936e-01
-7.975222050170178711e-01
3.907330286756920401e-01
2.225862874484294818e-01
-4.177382134440354999e-01
3.128990839350302977e-01
2.662423360103611247e-01
2.144338924803541047e-01
2.140359284301845133e-01
2.097293335279870607e-01
-4.970296292306207175e-01
6.890823533454846217e-01
5.008020197321210176e-01
1.339408634697889511e-01
-9.190594283299116096e-01
-8.169882843489653101e-01
-3.034006901916721510e-01
8.161865346037728841e-01
9.051419292045755904e-01
5.158112611896932265e-01
5.565177558383191947e-01
-7.681821781993450893e-01
-5.923627477759803028e-01
-8.107555033581489434e-01
-3.653877288459919104e-01
-6.631231528751277970e-01
-4.740772276199503588e-01
-3.502558504529047489e-01
-7.591486634469684081e-01
-1.471637089344857152e-01
2.805827493468115996e-01
8.923863548070785079e-01
-5.763712076726452693e-01
2.389068244404879415e-01
-1.434909896506915070e-02
4.795275347912602015e-01
2.234571295625391585e-01
7.358357930035636096e-01
-4.560032417429095153e-01
5.295400862591952418e-01
6.965194076602421180e-01
-7.402573106659562363e-01
7.416725155996019003e-01
-9.547589059167154169e-01
7.740292784671951587e-01
5.862271622664179116e-01
-8.495577625015713341e-01
2.063843865214847750e-01
5.263700446852270787e-02
8.008017619100595841e-01
5.613488009764833198e-01
-4.383936246603953313e-02
-2.452899679193829563e-01
6.307274714586763587e-02
1.437465720674455660e-01
6.247755513502094571e-01
-5.172886886588896616e-01
-1.471929850400156559e-01
1.000000000000000000e+00
-8.024918275774689524e-02
9.644335839116910947e-01
-4.576097838633759185e-01
7.686318062385356642e-01
2.142103275007554708e-01
5.030287507508752753e-01
8.646819452305198883e-01
1.894023203398664812e-01
-7.330074590023762937e-01
2.771903095801819816e-01
1.496640099213444042e-01
2.825390759338444191e-01
-8.208004879091770345e-01
-2.375025675098933475e-01
8.952484881078315304e-01
8.846989990881910515e-01
2.282228582317551435e-01
-7.005186225906234743e-01
7.248946067369621549e-01
5.907484498208106505e-01
-6.349063016039067087e-01
-8.794329660969093521e-01
