-1.547414375549746313e-01
1.000000000000000000e+00
9.139659737916256965e-01
-9.408089345239223356e-01
4.574042545890999456e-03
5.956487130464002133e-01
4.463205801487554747e-01
7.812791747222708194e-01
-1.302715195017786765e-01
9.127170465056523574e-02
-5.749520862989991876e-01
9.993815046805141211e-01
3.292378440799609285e-01
-9.104483758363586254e-01
1.000000000000000000e+00
-3.498031597292443062e-01
-5.362054712575337057e-01
-5.050775909147797726e-01
-6.058085742934693485e-01
-2.541180903718440187e-01
8.821229468585770617e-01
7.210272774864675549e-01
-4.408703725540418783e-01
-5.412601780060043444e-01
3.711474669213706834e-01
-8.248674006610453580e-01
-8.650330808602945121e-01
1.979888326930063364e-02
-1.171909092930672330e-01
9.362408810102555989e-01
6.745689042503322241e-01
-9.787773130171091296e-01
-6.492822644038762081e-03
9.697727323347907769e-01
-9.750259097992548529e-01
-1.550458875418749272e-01
2.633495698753485770e-01
9.804679561944782407e-01
6.618381477107693200e-01
-7.326240565037415164e-01
-9.925618864429006649e-01
4.259581967369999722e-01
-1.446942204703227097e-01
9.788294167558027059e-01
4.099961476973274510e-01
2.551366447351082201e-01
1.969362818414133465e-01
-1.553961228266992345e-02
-5.264884641239490071e-01
1.000000000000000000e+00
-9.931291200613747705e-01
-8.707251514850359309e-01
-6.982824089312834881e-02
4.053257640960267749e-01
1.497623633462503434e-01
-1.000000000000000000e+00
8.834131373858064018e-01
7.780521667574245015e-01
-5.630604274779770213e-01
-8.282820912992542306e-01
9.880766793888191568e-01
-6.639979770747903576e-01
-3.956076869526851669e-01
-9.107113047552234386e-01
-4.446457223287825222e-01
3.343855575415637937e-01
-2.379675821654135826e-01
-1.597059809757876009e-02
4.690907346054045135e-01
7.416412296876906396e-01
-3.470952781481976279e-01
3.776893638390468322e-01
-2.576080368500455187e-01
-6.880057437154559752e-01
-1.000000000000000000e+00
-1.000000000000000000e+00
-1.000000000000000000e+00
4.662857073349922499e-01
9.998730348875858320e-01
-4.610470139832086311e-01
-1.063336052129601195e-01
4.287211324071526497e-01
2.399350542137526632e-01
4.866152580999935640e-01
4.749325413528170392e-01
-5.705967716169931814e-01
3.800771164736420071e-01
-3.172678013044344381e-01
-3.506410769615248002e-01
8.952092932797652836e-01
8.999990123893800709e-01
-1.000000000000000000e+00
-5.732896757668505261e-01
-7.942668370104273290e-01
7.433559648333556424e-01
9.953265770283741265e-01
7.675122743175334383e-01
7.892510734833789732e-01
7.746289486155710780e-01
9.243715877745680709e-01
1.040144571006926671e-01
8.693110279954721076e-01
-7.497762068942964708e-02
1.494356261531092633e-01
-1.000000000000000000e+00
2.924579010298239412e-01
-3.940663518953034239e-01
-7.721713867477289495e-02
5.272869074338444317e-01
5.647642700629614820e-01
-6.052226419478636821e-01
-8.216726829823348677e-01
-5.338694178822134262e-01
-9.946498334596929336e-01
9.414219732005899566e-01
-8.969053937350316419e-01
8.736396017337529907e-01
-6.296652482354069269e-01
-4.354310697357584026e-01
4.970114172349718862e-01
-6.156019280036346686e-01
3.121118457200162677e-01
1.172387037791176034e-01
2.969236722989404553e-01
-2.357188744056532559e-01
-3.972133257893036840e-01
5.500823476701834913e-01
-6.249399048425831049e-01
-3.315825150389284937e-01
8.142139944282303921e-01
-6.907936077316222390e-01
-9.099196311296745554e-01
-4.680414820002826715e-01
2.390074802205827409e-01
-1.919849090479487375e-01
-1.000000000000000000e+00
1.987319258270745792e-01
-4.048419288899021695e-01
-2.476769004796284535e-01
-9.679423681675134450e-01
6.052416347636976335e-01
5.688413287894300563e-01
-9.824168562300054086e-01
-9.400588069018422921e-01
6.987889346145411684e-01
8.195834509929016409e-01
6.487422005618652676e-01
8.098942158052433449e-01
-5.841913074307841791e-01
-1.000000000000000000e+00
9.946220574822244309e-01
-5.216740371140403676e-01
2.537615255591530450e-01
8.930084970740277406e-01
-9.119511953202683596e-01
-6.747478278451746192e-01
-4.330576907700584705e-02
-7.503702287082930633e-01
-9.951147953765396847e-01
3.357472301425834527e-01
1.000000000000000000e+00
1.000000000000000000e+00
-7.015080896624414919e-02
-1.866782474957013327e-01
4.807209630444403969e-01
-1.603060702223773060e-01
-1.938394955775467055e-01
1.000000000000000000e+00
-9.958867159132782643e-01
2.177204514212354725e-01
9.870679178594359282e-01
5.639853352637566042e-01
-2.169770838003945712e-01
-3.219909263771929542e-01
6.675351178970653221e-01
-9.966257494867991618e-01
-6.459259037194891029e-01
9.622772462824780160e-02
-8.012741767763781331e-01
6.314127203148033329e-01
8.462632572636176187e-01
-8.247558196116916429e-02
-5.648479248923307106e-01
5.712844974726545288e-01
-6.961388592359729621e-02
2.119377759131370054e-01
-6.245854100212447912e-01
-6.437027745381539434e-01
-2.673995975565800487e-01
-4.522817441849352194e-01
8.098734159361162810e-01
-4.686662154678923331e-01
4.413407701221430113e-01
3.019948724073013291e-01
-4.379877928110448293e-01
8.643639166277081176e-02
4.968624208667448694e-01
2.826407504098426005e-01
-5.814741873726277932e-01
-3.589488297891914592e-01
-8.661320195161656410e-02
-7.087752616611842083e-01
-3.708087198395675771e-02
-3.536488019099957025e-01
8.204126580742995278e-01
7.211658116606183277e-01
-1.405693658969221493e-01
-8.017654576825142820e-01
2.344035675520807493e-01
-1.726686526909320951e-01
9.441934902962002552e-01
5.799164133037804092e-01
1.000000000000000000e+00
-3.704468756267227381e-01
9.919564813089070121e-01
7.080125734759324940e-01
-4.459354405522766851e-01
1.000000000000000000e+00
8.465004403370415265e-01
-4.506398617153395958e-01
1.898794369660377068e-01
-9.627566660910448215e-01
-5.818493000573903284e-01
-3.335134253679669647e-01
-7.175889213194825977e-01
-1.000000000000000000e+00
-1.931349864710806830e-01
-3.830241452019508275e-01
-5.034388871758829209e-01
1.622118179162834739e-01
4.506778191821544377e-01
-8.758790110085706848e-01
-3.127295080910813541e-02
-7.249746786370044882e-01
-8.053144770412929976e-01
-4.693752734368609736e-01
-9.218575083993976182e-01
-9.840539652206554688e-01
1.000000000000000000e+00
5.938530167058340137e-01
-1.000000000000000000e+00
-5.820630585637046606e-01
9.281735930987166094e-01
6.113854516315389009e-01
-8.956694305538545620e-02
-9.751694141333259180e-01
9.459408215849259838e-01
7.036125123417461547e-01
1.719547042261164171e-01
-3.636040116228838603e-01
-3.736704896421504385e-01
8.173653484365276389e-01
2.948899293423713486e-01
1.265632520020998908e-01
9.960201667758249444e-01
-4.691687579419413778e-02
-3.744699591679327422e-01
-7.679012926596592292e-01
8.160050959803716308e-01
4.569309181199603387e-01
-5.714592120862702629e-01
4.469310637678758358e-01
-8.205656107152038414e-01
3.227101671284621776e-01
-5.680912628424795718e-01
