-5.243425316796349600e-01
-6.318960326915289416e-01
-1.000000000000000000e+00
-1.955164621756418919e-01
-3.099168601110089960e-01
-1.000000000000000000e+00
-1.307091469132614925e-01
2.397111306838162759e-01
-8.700870869927334050e-01
8.850279004107427516e-01
-6.643617043540898937e-02
-7.353152379236156388e-01
-1.000000000000000000e+00
-4.083607577877010897e-01
-1.974370257724827604e-01
-9.963847908059849656e-01
1.000000000000000000e+00
6.860171795536554873e-01
-1.000000000000000000e+00
-1.639973431078246835e-01
-1.000000000000000000e+00
7.427988032305810062e-01
8.972525858627772299e-01
1.000000000000000000e+00
2.977912334170177422e-01
1.000000000000000000e+00
9.351679621727977398e-01
-8.188996625735370793e-01
-8.109468101659732531e-01
-4.911670325589394537e-01
-1.000000000000000000e+00
1.408932375206488063e-01
2.639728216579365072e-01
-1.000000000000000000e+00
4.114351005448994569e-01
-1.000000000000000000e+00
2.102461837122436561e-02
-1.000000000000000000e+00
9.239660418643840245e-01
-1.000000000000000000e+00
4.309179622624872974e-01
-1.000000000000000000e+00
1.712479419905943434e-01
9.607076704558317193e-01
4.592954788198941318e-01
1.000000000000000000e+00
-5.561265928471684772e-01
4.772563388944990326e-01
-2.862920938485503108e-01
8.913661894034208277e-01
-9.651153450696833280e-01
-2.262747250919088515e-01
-1.000000000000000000e+00
-8.440199722525655313e-01
-9.677046196216143592e-01
1.000000000000000000e+00
3.693289530039018942e-01
3.270769643829833373e-01
2.314617318872754792e-01
-1.000000000000000000e+00
-1.000000000000000000e+00
-8.431348114497917434e-01
-1.000000000000000000e+00
-1.000000000000000000e+00
-4.091099990205161463e-01
8.132890211911323330e-01
-6.087125533603252592e-01
-1.209962337216829997e-01
2.654261289646780431e-01
-1.000000000000000000e+00
1.000000000000000000e+00
1.435538721330695544e-01
7.938943402918710035e-01
-1.000000000000000000e+00
7.425796086176809085e-01
-7.854009116426346332e-03
-1.078887274374506211e-01
9.973226487219535308e-01
9.863247832163125617e-01
4.417413032783806259e-01
-7.284044258069747313e-01
-4.123617429711212701e-01
1.827275062372982484e-01
-1.521000134593550879e-01
-1.000000000000000000e+00
1.395867716082550003e-01
3.127362901485847280e-01
7.472036104228257924e-02
-3.746774603048920183e-01
-1.246931424822267931e-01
3.604489762580729839e-01
9.991163022186375642e-01
-1.000000000000000000e+00
4.478285007282030716e-01
-7.857577038028725758e-01
8.315595405938277507e-01
-3.311204301348966705e-01
-9.921410880014144285e-01
-1.000000000000000000e+00
7.357779279746829992e-01
-8.352723231492639178e-01
-9.198845270662484586e-01
-9.990743194322515563e-01
-3.657426415181236901e-01
9.399376711983670196e-01
1.957672409370371860e-02
-6.538277558399618883e-01
-4.306191445718788868e-01
-1.215874967637345511e-01
1.000000000000000000e+00
8.945729992304258804e-01
-9.255770876784659151e-01
-3.351346894414945488e-01
-9.272973683480034701e-01
-3.011967863579489979e-02
-1.000000000000000000e+00
8.586371981818529120e-01
1.122022383794000072e-01
-4.738622897261108857e-01
7.435549662826490547e-01
-5.654505746086827545e-01
6.046543861201706394e-01
-3.849453546785328029e-01
5.434027015845911412e-01
-2.167403814977765797e-01
2.371969730925083675e-01
-2.788482072937925049e-01
7.435507198439785803e-01
1.000000000000000000e+00
-1.000000000000000000e+00
-1.000000000000000000e+00
-9.694125236354712571e-01
1.000000000000000000e+00
-6.434354344169466167e-01
-7.553695093422333473e-01
-5.755641362517541770e-01
-1.050397957803736460e-01
1.000000000000000000e+00
7.182539028757585209e-01
-9.594355734540019887e-01
8.672134868116608830e-01
9.789440701101956854e-01
-7.567246147750965324e-02
-5.486157914611454745e-01
-7.437420015847643340e-01
8.796850547014950505e-02
-7.851926962859354653e-01
1.037055888345254639e-01
-5.824269924107078333e-01
-7.058492460045915351e-01
-7.885118531907659989e-01
3.645512604892996167e-02
-7.696607541399506092e-01
1.000000000000000000e+00
-8.953644536901590456e-01
6.352727533554570760e-01
-3.500109572351142173e-01
4.424543689175870487e-01
-5.639848548576805731e-01
-1.000000000000000000e+00
1.000000000000000000e+00
1.000000000000000000e+00
1.000000000000000000e+00
-1.000000000000000000e+00
-1.000000000000000000e+00
2.981145609802488550e-01
-2.606049167137010347e-02
9.362942981892162786e-01
6.773142302714662000e-01
-1.000000000000000000e+00
1.000000000000000000e+00
5.805384376748076170e-01
6.721894875822620463e-01
-9.657316541503894181e-01
3.916607286830419560e-03
-8.472717331053676304e-01
-1.000000000000000000e+00
6.801820049461833051e-01
-9.492804606921303456e-01
-2.644503045283549403e-01
-1.000000000000000000e+00
5.136494919120973557e-02
7.745812886029423971e-01
7.450795942645153935e-02
-8.356627147404701583e-01
9.672420116515154653e-01
1.243809055087659876e-01
-5.100670362902305632e-02
-5.812453899765014365e-01
1.000000000000000000e+00
8.905915055797243296e-01
-1.287706582854619974e-01
-2.503960728089045795e-01
8.988223106734549717e-01
9.553983397217366558e-02
-7.138084461273044301e-01
-1.949822323766502163e-01
1.000000000000000000e+00
1.000000000000000000e+00
-1.000000000000000000e+00
-1.530934108388544782e-02
4.460890138706043451e-01
3.489899870135600435e-01
-5.121439842711231760e-01
-1.000000000000000000e+00
2.558216551161049401e-01
-8.336150623330856879e-01
9.455449616506020893e-01
-1.000000000000000000e+00
-8.269533747864592499e-01
-6.474844355583275757e-01
-1.000000000000000000e+00
1.530673542984520574e-01
9.918327486321798503e-01
-9.880068653985142335e-01
-7.700032609143830920e-01
1.000000000000000000e+00
4.145577567280487874e-01
-9.586527107922347968e-01
-3.840211046704034015e-01
-6.862122337185513343e-01
3.963292739814247567e-01
1.193752162582615156e-01
-1.213685956040429087e-01
6.353604807644762653e-01
-9.696148743652692747e-01
4.655512447885008509e-01
4.621833866233481802e-01
5.272199789281166449e-02
9.699502113348131699e-03
8.373579296730423449e-01
4.956578826296557105e-01
7.091677723544242973e-01
-7.800556107358616043e-01
1.900484999533355590e-01
-1.051432296396968696e-01
3.740027317338548984e-01
-9.813329409430698869e-01
8.666151932444227102e-01
9.701646880703346243e-01
-1.000000000000000000e+00
3.260466799042208708e-01
8.451846913131549899e-01
4.257668059820355344e-01
1.000000000000000000e+00
9.933399519323287130e-01
-6.682250498230359881e-01
-1.000000000000000000e+00
1.000000000000000000e+00
9.928124392200204928e-01
6.582014249033907305e-01
1.000000000000000000e+00
-4.404828748752250833e-01
-8.386534479859116820e-01
-1.303115904925652990e-01
1.000000000000000000e+00
-8.754452522807767423e-01
1.000000000000000000e+00
1.897218510197563601e-01
4.316733332837935366e-01
1.000000000000000000e+00
1.727982728588800532e-02
5.459385342644074157e-02
6.171159537319526045e-01
-9.141396122986156225e-01
