-6.360865792727061763e-01
9.099412972936906652e-01
1.000000000000000000e+00
8.667517416865820612e-02
-7.001183244626490998e-01
5.410574611410039481e-01
3.589247250633503805e-01
4.062175747268506054e-01
5.608926866359261743e-01
-2.744064369736214440e-02
9.711711922398915675e-01
-1.000000000000000000e+00
-6.112905512701614086e-01
-1.000000000000000000e+00
1.450846978477732807e-01
-8.552615889025432239e-01
6.145224926131145349e-01
-1.303348625247317816e-01
5.297363268456477536e-01
-1.000000000000000000e+00
-1.000000000000000000e+00
1.000000000000000000e+00
-1.000000000000000000e+00
1.000000000000000000e+00
-5.768117587738676999e-01
4.301274610780872476e-01
-1.000000000000000000e+00
-5.933478286400681867e-01
-3.976209803450310720e-01
-1.000000000000000000e+00
5.791248572768150638e-01
-5.577853403347108330e-01
-7.443486012177000788e-01
-8.684352064745444189e-01
6.346401590757691502e-02
-4.329211817896768677e-01
1.000000000000000000e+00
1.173571158563704864e-01
1.000000000000000000e+00
-1.010288807000754852e-01
4.664609256928978764e-01
3.871034241887152255e-02
-1.000000000000000000e+00
-1.000000000000000000e+00
1.000000000000000000e+00
1.000000000000000000e+00
-2.022281742681589778e-01
-1.000000000000000000e+00
7.230626595613589558e-01
5.398173290409773450e-01
-5.618385149764432152e-01
9.795439115213145920e-01
-6.971406532014563506e-01
-3.520722221131250551e-01
-1.098918197229601518e-01
-1.483309885643341146e-02
-1.000000000000000000e+00
-1.000000000000000000e+00
1.000000000000000000e+00
-6.899068850010326992e-01
-1.000000000000000000e+00
-1.000000000000000000e+00
-3.802611031254224394e-01
-9.017311038255700906e-01
7.334321576328139969e-02
1.000000000000000000e+00
-4.369816189207437751e-01
1.000000000000000000e+00
2.487457621723918877e-01
7.858660971967280640e-01
-9.171003996239007749e-01
4.964463736577359732e-01
6.307653734009037727e-01
6.393493942671770597e-05
-3.550512971730181433e-01
6.108128991570547228e-01
4.767228327729553516e-01
-1.000000000000000000e+00
1.095920438512929251e-01
1.000000000000000000e+00
-5.830624367190294643e-01
-2.909368778670927136e-01
-1.037757867764669689e-01
-6.813276702529600382e-01
-6.625633217196468250e-01
1.000000000000000000e+00
-4.536048135382109714e-01
6.062392747185133546e-01
1.533341249785507288e-01
-1.000000000000000000e+00
1.000000000000000000e+00
-5.159651529008654203e-01
-1.000000000000000000e+00
-1.000000000000000000e+00
-2.721869581090037848e-01
-1.000000000000000000e+00
-1.000000000000000000e+00
2.476573727790868373e-01
-1.192961307901757723e-01
1.000000000000000000e+00
-1.000000000000000000e+00
2.147345496893399430e-01
6.445011395753054151e-01
3.538072055046911357e-01
-3.052629987841157799e-01
-1.000000000000000000e+00
1.000000000000000000e+00
5.225125807099912922e-01
-1.000000000000000000e+00
2.040085548703022555e-01
1.000000000000000000e+00
-1.000000000000000000e+00
-1.926201330519487775e-01
-3.905944291001957058e-01
6.166575559755079761e-01
3.448684079289114357e-01
1.000000000000000000e+00
1.000000000000000000e+00
-7.641745302359221892e-01
-3.865157462709095659e-01
6.940231088151593841e-02
-9.758286795822098680e-01
9.954251383647730322e-02
8.062181380239603623e-01
1.000000000000000000e+00
-1.000000000000000000e+00
-3.472241104461617489e-01
1.388699907844572479e-01
7.373099915401081228e-01
3.560336134353570547e-01
3.421736057226445471e-01
-4.457871370307830983e-02
-1.000000000000000000e+00
-1.000000000000000000e+00
1.000000000000000000e+00
1.000000000000000000e+00
3.637002475901832677e-01
-3.809839443673618264e-01
-1.000000000000000000e+00
-4.855636660488895640e-01
-5.892318223615573558e-01
-2.495747956144031832e-01
-9.009487547482218917e-01
4.503878404466253316e-01
-9.864368541643002697e-01
2.572893084201124947e-01
1.000000000000000000e+00
1.000000000000000000e+00
-8.180631404736254941e-01
1.275273219528305912e-01
-1.000000000000000000e+00
-1.000000000000000000e+00
1.731294217290136328e-01
1.000000000000000000e+00
4.095039653270612368e-01
1.000000000000000000e+00
5.462782517402641619e-02
-9.212664036197654172e-01
1.000000000000000000e+00
-1.000000000000000000e+00
-9.892313024503591734e-01
1.000000000000000000e+00
4.616483519619161147e-01
9.615256559010671999e-01
6.370290318878745195e-01
1.000000000000000000e+00
-1.000000000000000000e+00
-1.000000000000000000e+00
1.000000000000000000e+00
-1.000000000000000000e+00
-3.061290554530669145e-02
1.000000000000000000e+00
-6.017440897793557841e-01
1.000000000000000000e+00
-1.000000000000000000e+00
9.781185621462081814e-01
-3.568192121759500290e-01
1.000000000000000000e+00
9.680436437093069280e-02
6.073897784707673608e-01
1.000000000000000000e+00
-4.698634965727437884e-01
4.198384326340715011e-01
2.515385153221050829e-01
-1.887649801901094826e-01
1.753960851965591025e-02
-1.000000000000000000e+00
6.363994680689434302e-01
6.881021640488959035e-01
-7.023385369313058790e-01
-3.203068725721845977e-01
-9.309858697329327359e-01
8.297008282726775485e-01
-7.103493495070302144e-01
1.000000000000000000e+00
-5.795999553678307104e-01
6.158678601342963965e-01
4.695358285485168870e-01
1.000000000000000000e+00
6.825910514308576316e-01
-2.208341588418774593e-01
7.261970228759397905e-01
-6.872335286934382337e-01
-7.743028591944906003e-01
-1.000000000000000000e+00
-1.000000000000000000e+00
-6.853699235128368761e-02
-1.000000000000000000e+00
-1.000000000000000000e+00
4.929429715866746053e-01
6.683291966957832786e-01
-7.622909945966255263e-02
-1.000000000000000000e+00
-1.000000000000000000e+00
2.571513343285764530e-01
6.063231665938303427e-01
6.372366999448436653e-01
1.000000000000000000e+00
9.513850669278067773e-02
1.000000000000000000e+00
-6.345262062234618972e-01
-4.861072478706641720e-01
7.748905930349586635e-01
1.000000000000000000e+00
-4.184525894098732324e-01
-2.980514005044875847e-01
-1.000000000000000000e+00
-1.000000000000000000e+00
-3.414384932798290029e-01
2.174374190478138846e-01
-1.000000000000000000e+00
-1.000000000000000000e+00
-1.000000000000000000e+00
1.000000000000000000e+00
1.000000000000000000e+00
-1.000000000000000000e+00
-8.426443082782963945e-01
3.416598674064236230e-01
-5.762303519162136345e-01
3.920214101183086552e-01
-4.704671032166072853e-01
7.021198621310127397e-01
-1.127331068959525617e-01
1.000000000000000000e+00
-1.273181101304285689e-01
7.100463097876519303e-01
8.619156358595436718e-01
5.682528734858827146e-01
-9.858415847101203999e-01
8.382821533427987637e-01
-7.605440572079974482e-01
-1.413494426745178223e-01
-1.000000000000000000e+00
-2.854907491816728871e-01
9.077070027139717556e-01
-8.506847866837516925e-01
1.000000000000000000e+00
-4.291497287788047510e-01
8.323426230216033339e-01
1.000000000000000000e+00
1.000000000000000000e+00
-1.000000000000000000e+00
-1.000000000000000000e+00
1.000000000000000000e+00
-5.339565995606990745e-01
