-8.783646142382520727e-01
1.777548352961031419e-01
-8.730978777112141653e-01
2.667074036756733046e-01
1.632531710844833395e-01
1.931792443290654970e-01
5.263356844456857919e-01
2.746641768116944715e-01
1.935756559373975338e-01
7.622616500755681201e-01
-1.728098526521537615e-01
-2.150606787537503450e-01
-3.072638964025203867e-01
9.975476946381911514e-01
6.575510238075166214e-02
-7.169087854026607864e-01
6.792920389953673865e-01
-7.029420214766284314e-01
1.804892340334352530e-01
-7.198503253377130928e-01
2.835395433092771089e-01
-5.935601833019591433e-01
-6.916237514808689646e-01
2.005294103149255214e-01
6.813300441121423745e-01
3.313476438277144775e-01
-1.451143423658899090e-01
-9.806344383892292571e-01
2.427141269899095732e-01
7.235518056810119614e-01
-9.748367461135110101e-01
2.049176813327973079e-01
-2.118643160192704711e-01
-2.888950514406268821e-01
4.441458501693029692e-01
-4.177154686761938573e-01
2.541145513143705514e-02
-6.903829875439533303e-01
-5.615567966130008415e-01
-2.608443457619201156e-01
5.998312915602558304e-01
1.929153992714223165e-01
4.191960568066956938e-01
6.389547987404976537e-01
7.739293518013949935e-01
8.854086104768787990e-02
9.108513021806311505e-01
7.447573906428042179e-01
1.456023892060904767e-01
-6.944544175176328160e-01
-9.095909530049262059e-01
-2.382865987261342244e-01
-7.998352036597848880e-01
-3.715046363017635578e-01
4.920595771434570220e-02
9.945051356299462464e-01
3.207894208612145359e-01
1.988516509366997642e-01
5.411192916638807304e-02
1.234268819536954997e-01
6.907521094782564930e-02
-2.608329852957863015e-01
7.002348325429337272e-01
-6.751519236007261782e-01
3.087322794534548831e-01
-6.996651468145433928e-01
1.677543668702790036e-01
6.768729303381348927e-04
9.596489077681805147e-02
7.308430378518737669e-02
8.004272466261123098e-01
-3.683032300902461254e-02
3.435379311319097795e-03
-6.610745982090830974e-01
7.299175106247732803e-01
-7.626789610849186163e-01
-1.799748259640041592e-01
2.145633865679751340e-01
-1.982870963807137343e-01
6.761713021442001814e-01
6.127825740592911519e-01
-2.634015703395682362e-01
-1.394079492422307387e-01
-8.677158521009749048e-01
-8.161335900136287291e-01
4.891285454063902804e-01
5.912634093817421554e-01
4.039050403320283422e-01
-2.316273639977209919e-01
9.559420172279896599e-01
3.573605577374134867e-01
5.362811225142398719e-01
-1.471583758266798991e-01
-6.043228342890393651e-02
-7.703028861035092767e-01
3.882284146849324102e-02
4.018741021082052889e-01
5.834854632949899589e-01
4.135304108081241381e-01
6.513409396477092272e-01
4.504961867050047974e-01
5.059503253829968905e-01
-9.221772169524167229e-01
2.395877843413754538e-02
-2.863492447964177678e-02
2.168883164833299571e-01
8.243607217953135002e-01
4.004440036094945032e-01
5.736989643494709856e-01
-5.723745542447287171e-01
9.405243547618824529e-02
-7.789563520452521539e-01
4.056895530067892719e-01
1.829916964730253781e-01
3.558602245313288726e-01
8.852804730230827701e-01
-7.412445773529333648e-01
2.763307289610312800e-01
-9.302305722291666079e-01
-7.145223874247346174e-01
9.115986737548564811e-02
1.371469876324633574e-01
5.794074850482427985e-01
-1.782452490335709183e-02
-1.721053775834199273e-01
-2.080510125101766306e-01
7.624702803860485822e-01
9.005621702246633387e-01
-2.109142062354327773e-01
-9.012623656845937248e-01
4.320657014562967468e-01
3.277810985717011238e-01
1.000000000000000000e+00
-8.889041920319642465e-01
-6.875380867044689204e-02
-5.710859979897235927e-01
-6.817984522839142247e-01
-7.957856347855420953e-01
-1.561402032399271111e-01
-3.101893502468477948e-01
-9.952750687603890700e-01
5.044095981472147550e-01
5.373879362037258245e-01
1.777986196935916752e-01
-7.116354058172535968e-01
-6.275144118075570709e-02
-4.643421410902884849e-01
-1.912269979958796384e-01
-1.000000000000000000e+00
-7.938940432357808330e-01
7.745960430483884718e-01
-4.449412893333617447e-01
7.237458738176235640e-01
4.776256847517965642e-01
-7.788294609994905748e-01
2.405412283969531051e-01
-5.594461364466019049e-01
7.873857378342972169e-01
-5.969093509020799715e-01
6.358872345061977738e-01
7.224983094971504372e-01
1.460710856664038104e-01
-9.947159089645016827e-01
9.141305574987612648e-01
-4.198400631457553933e-01
-1.116261926639538771e-01
-7.720469148385603608e-01
-4.861870368371612461e-01
5.603113708186086006e-01
2.312066445206124587e-01
-5.485915574887517687e-01
-9.405619446232723613e-01
4.317583960237916241e-01
-4.687855046935167636e-01
-9.037719022762804588e-01
-2.927936936818711366e-01
4.245647385685586972e-01
7.454721705760336548e-01
-4.291468289186601837e-01
-8.910224254570529023e-01
1.000000000000000000e+00
-7.288500010749896507e-01
3.680204667027993093e-01
-8.878681090965527822e-01
4.862012775232034678e-01
2.160284205215441400e-01
5.738329519032924209e-01
-2.636984010306875348e-05
1.933799805615279421e-01
-4.473287347479162346e-01
7.315624375662141965e-01
-1.074344642999354171e-01
-9.555086155125873670e-01
5.878530859129911246e-01
1.000000000000000000e+00
-1.498653135698114758e-01
-1.310362997977894406e-01
1.137035872187565078e-01
5.939505015456760795e-01
4.991774154920370354e-01
6.660439057548667163e-01
-2.157310390507131415e-01
-4.214196312685468682e-01
-5.368302588143594178e-01
-9.749267414578970392e-01
-9.311672947823810276e-01
2.260846517942474154e-01
2.009141901704384892e-01
8.946171651883279008e-01
-7.265836745169244049e-01
-1.000000000000000000e+00
7.572972787834642006e-01
2.862521656568743911e-01
9.107432100061236824e-01
3.341138806935700645e-01
5.345321382177730118e-01
5.826690110391758992e-01
2.341955719381970669e-01
4.571198305779167192e-02
-2.087468751519168386e-01
1.000000000000000000e+00
1.000000000000000000e+00
3.664884000796515551e-01
6.160099745385591019e-01
-2.221909559001951917e-01
9.446685185671039875e-01
-4.146509055274902877e-01
-8.154237554224483819e-01
6.414495287426655867e-01
-7.153421090379663561e-02
-3.991120151167392160e-01
-9.453623230515646458e-01
-5.912472026958786042e-01
1.151528688147713808e-01
-3.391597230855708522e-02
8.743655191326531462e-01
3.418566131829522958e-01
4.317275420159132904e-01
2.059252131094033711e-01
-4.617302777867253738e-01
-7.358089004225247809e-01
3.583045345901914036e-01
7.131181034418641040e-01
-3.045258322577730770e-01
1.848357281750851594e-02
1.513920918695994544e-01
-4.766214710285386902e-01
7.439168698172577976e-01
-6.713279077131582007e-01
1.600929271086707351e-01
-7.610850785075852221e-01
2.148774938698815307e-01
5.457393197459478040e-01
9.829315051666061009e-01
-5.346211137142482528e-01
2.830413541557061929e-01
1.673282063778497863e-01
-5.817107844842234199e-01
3.344550159003774059e-01
7.134101439981994641e-01
9.519933909593347732e-01
9.525907375415030298e-01
-9.673711063318394254e-01
6.815409233534388544e-01
9.841825590202040175e-01
