-5.916630988955784431e-01
7.169227697206391747e-01
-7.256988705997585720e-01
1.000000000000000000e+00
-3.084513190397111804e-01
-4.746201952770141008e-01
-1.000000000000000000e+00
9.795169936656241694e-01
-2.519275177141835909e-01
-2.789317555317010200e-01
-1.000000000000000000e+00
-1.000000000000000000e+00
5.105856790310200344e-01
-1.000000000000000000e+00
-1.000000000000000000e+00
-8.745282610942638479e-01
3.218129792825655811e-01
-2.201992147310052050e-01
4.099656351520442055e-01
-8.651875350896437444e-02
-9.910178288214193110e-01
6.997742845561490954e-01
-1.000000000000000000e+00
1.000000000000000000e+00
1.000000000000000000e+00
-3.812371516678306760e-01
-9.906192357353515998e-01
-4.218503379923168595e-01
1.000000000000000000e+00
5.531091668485798030e-01
-9.940230904629551167e-01
-1.000000000000000000e+00
2.282991152923083966e-01
-8.594450527597896627e-01
5.225494544407746078e-01
8.706380783972825776e-01
3.661536308990467337e-01
9.253275260675850600e-01
5.744861560033915904e-01
9.949377120167310906e-01
1.351334973892497626e-01
5.097450106677401394e-01
-1.000000000000000000e+00
8.800193030343329559e-01
-1.354505526465656362e-01
-5.230455225382590889e-01
1.000000000000000000e+00
-9.150554933108633326e-01
-1.999696534930012204e-03
-1.000000000000000000e+00
2.752756482168430274e-01
7.699792254378027279e-01
-3.586868131785700409e-01
-8.301276794130312275e-01
-2.951770639976883381e-02
1.000000000000000000e+00
-8.700895328711293342e-01
-6.521134983852370226e-01
6.930016589523109172e-01
1.000000000000000000e+00
1.846244711407488137e-01
9.643517165308025385e-01
-1.000000000000000000e+00
5.388315966522583267e-01
2.384759159335647083e-01
-1.914778137797009117e-01
4.005229096116165177e-01
-2.773112677357961742e-01
-5.484872945541433703e-02
1.000000000000000000e+00
1.148171494050427566e-02
7.762399313344285900e-01
-9.520769186302679987e-02
8.799813223869416001e-01
1.601319074941724430e-01
-1.698603735438759810e-01
-9.916928841814134366e-01
1.000000000000000000e+00
5.887677234702471951e-01
-9.962830490414805729e-01
7.083508656561534611e-01
7.043820136403250443e-01
2.133962229073642636e-01
1.505153834802042678e-01
1.000000000000000000e+00
6.971799674587803031e-02
7.557193841916060029e-01
1.000000000000000000e+00
2.818419904073129478e-01
7.192027724110614528e-01
-9.202915556506224837e-01
2.740132194734377080e-01
-8.439708018846248105e-01
1.000000000000000000e+00
1.000000000000000000e+00
-1.000000000000000000e+00
2.294713186905877611e-01
5.787275485944621822e-01
-3.630139355800843237e-01
1.000000000000000000e+00
3.128766419405401567e-01
-9.918283084441560371e-01
2.338622644779957960e-01
1.000000000000000000e+00
-1.000000000000000000e+00
1.360442198294607163e-01
9.804908249889531247e-01
8.357496079193612593e-01
-9.952170490217668863e-01
-2.805562556960360943e-01
-5.477676529665429506e-01
3.587936543511285881e-01
-8.541768624149962408e-01
-1.000000000000000000e+00
1.819861460752859039e-01
1.000000000000000000e+00
-8.030685477594773358e-01
-2.005832173960971354e-01
-2.528366446042211724e-01
9.913607807432299746e-01
1.000000000000000000e+00
-4.283967371558390358e-01
-2.659034719209286690e-01
8.492816623231188577e-01
-9.945050791801988144e-01
9.029873269984241002e-01
3.604769727548966518e-01
6.805740350032060682e-02
8.837882844498874402e-01
1.000000000000000000e+00
5.990610513824303762e-01
1.000000000000000000e+00
-1.000000000000000000e+00
-8.517672444725462588e-01
9.172840411153683204e-01
5.459477852899421446e-01
-3.441886607691730937e-01
-7.221173331268575524e-01
3.410235883711303373e-01
-9.184094296616299724e-01
-3.126928409568182077e-01
-9.567149377096577645e-01
-8.553657775535734586e-01
-1.000000000000000000e+00
-1.000000000000000000e+00
2.842612054293919277e-01
1.000000000000000000e+00
4.942836680586420450e-01
5.119682565223979687e-01
9.907685950934624897e-01
3.678551147975099855e-01
5.168405240620354002e-01
8.763496366226989354e-01
-2.735795785489059107e-01
1.052086817607793684e-01
-5.588692186504072845e-01
7.799667781542825029e-01
7.705326649594858024e-01
-8.772674338978891928e-01
3.880035479869679005e-01
-3.585281688290611196e-02
4.032887548663297017e-01
2.203672884477067551e-01
-2.753240265619042448e-01
-2.518787568504886609e-01
-9.932818353134748035e-01
4.973527209277149863e-01
-3.962076734814792139e-02
1.992251488665598425e-01
6.325483395526191321e-01
1.000000000000000000e+00
1.000000000000000000e+00
1.000000000000000000e+00
2.055297620392474156e-01
-5.465529564898025106e-01
-3.517103717782752437e-01
5.618491918430437160e-01
-1.828618851636297504e-02
3.480333764016232401e-01
-1.000000000000000000e+00
8.464712259660487348e-01
4.840747622378041570e-02
4.970823441110928664e-01
9.502958787330154644e-01
4.367456567839554937e-01
-9.904883152867244300e-01
1.778333336365807982e-01
-3.418369644334349755e-01
-1.916399766916144498e-01
-1.579000557011951411e-01
1.000000000000000000e+00
-9.899585202920889726e-01
-1.000000000000000000e+00
-8.460725826890791446e-01
-1.000000000000000000e+00
6.406461338830626850e-01
3.174921351931601077e-01
9.525456551626498847e-01
1.000000000000000000e+00
5.430657075227923736e-01
-6.799500727885482432e-01
-5.787519189271279618e-01
1.755045535837675141e-01
1.959923627762936993e-01
-9.610411396789170224e-01
9.663660161650400315e-01
-4.568380473710508261e-01
-1.000000000000000000e+00
1.000000000000000000e+00
-1.359027051487515236e-01
1.000000000000000000e+00
8.090331409844772059e-01
-5.842092257877892214e-01
9.094946545807718330e-01
7.427090646715573952e-01
-4.290471293560316202e-02
-1.000000000000000000e+00
1.994351554830964823e-01
1.332200175101496409e-01
-1.550466523694114807e-02
-3.548533376790651839e-01
9.528645677516363044e-01
4.717803649133775479e-01
8.703424225561362526e-01
9.570277211108229043e-01
7.425505533139410419e-01
-1.000000000000000000e+00
2.638043195887224482e-02
-3.367104574178262366e-01
2.895698324462732051e-02
2.000942063176622265e-01
4.403283408048325187e-03
8.386383882598626993e-01
-1.173018915824362574e-01
-1.000000000000000000e+00
1.000000000000000000e+00
-7.802155884539790920e-01
3.673104193568251241e-01
-9.999632157470333960e-01
-2.445356121190391807e-01
5.502860358664850571e-01
-9.642449096072294168e-01
1.664753093323795285e-01
-9.969179331113275921e-02
-3.173863817993802239e-02
-2.526822678600585403e-01
1.000000000000000000e+00
-1.000000000000000000e+00
-2.030010612170018991e-01
-1.000000000000000000e+00
-2.480428630319091443e-01
-1.000000000000000000e+00
-7.191526008732871400e-01
8.912645078406620236e-01
7.952508967255826899e-01
-1.453461064944315817e-01
7.128182652089489757e-01
4.984024689596141533e-01
-6.226399435217866429e-01
2.073561136053289067e-01
-9.940808607448707868e-01
1.000000000000000000e+00
8.591740377486242197e-01
4.766074393086102701e-01
-9.999434360162193780e-01
