-9.483841303255360344e-01
3.565834875699256390e-01
1.860410961905740665e-02
7.346216130096778762e-01
-1.795149514828087989e-01
-5.322619931358222312e-01
4.086457425538685961e-01
-5.409136662534842488e-01
7.791172956102966340e-01
4.455064651710791135e-01
4.445602333177705034e-01
-6.773075720896719332e-02
8.816390746205519935e-02
9.306900161814222194e-01
-1.000000000000000000e+00
-4.887733379442597004e-01
-8.070859066577771301e-01
-2.538313619400486276e-01
6.951739520171166253e-01
1.674938471188380795e-03
6.789865150628493495e-01
-6.871045912856676985e-02
2.353279907106042290e-01
1.000000000000000000e+00
-8.676125461721881926e-01
2.800190583472563777e-01
6.808500028217660816e-02
3.479340646136756532e-01
-4.958439195187305248e-01
-9.284050387266398197e-01
-6.536443131320324174e-01
-7.002086018633665310e-01
-1.023286365186477920e-01
-5.910503751947002726e-01
2.669408756804509952e-01
4.280517346346768282e-01
-9.371175019740562995e-01
9.455502458236282326e-01
-7.305433187856826827e-01
1.069781277700663780e-01
-3.642312985887876664e-01
-1.139608614316411361e-01
7.847137529177250492e-02
-1.601403410435597863e-01
-4.841376506670136415e-01
3.509340749800647918e-01
6.524536720315430305e-01
-9.766166199887476029e-01
6.317650228335149054e-02
7.371815205256195824e-01
-8.204238561454244572e-01
5.683538105988947819e-01
-1.817509979077243931e-01
2.745375163293655163e-01
-2.175530873741316484e-01
2.632177692117454448e-01
3.647962305759039348e-01
5.449245708978595060e-01
-1.586909770498699523e-01
-9.787026383285429842e-01
2.577990295104994889e-01
1.597923713362411624e-01
7.128244764634756869e-01
-3.798894751592664654e-01
6.047465969662366159e-02
-9.274192163129528765e-01
8.440558897660571658e-01
2.175240822919655703e-01
-3.107644910858077814e-01
-7.376051982985759592e-01
-3.650810683783460853e-01
1.000000000000000000e+00
6.106506457547499211e-01
8.013715873479866358e-01
-6.197786066340927880e-01
6.916372407143065448e-01
-2.491204514612581633e-01
5.744696055315708927e-01
-3.205040106878954964e-02
-3.011238775336232409e-01
-5.334542233421263324e-01
-4.508328431217885068e-01
8.937747772787910661e-01
3.927214822429197505e-01
-4.431054679212202974e-01
9.601032192790071029e-01
2.417007883528314860e-01
7.523826349071535136e-01
-4.095532133062791957e-01
-3.396385664931182991e-01
-5.209197317994957999e-01
-9.734957189504971353e-01
-8.352229592139939207e-01
6.219316666322509679e-01
-3.077879799166405861e-01
3.550954220107502834e-01
-1.764453606562870203e-01
3.553616678019368424e-01
9.040775265704782682e-02
7.626340716488508864e-01
3.649464863992764041e-01
-5.886367016169766764e-01
5.324525944315614545e-01
9.650332783199551123e-01
8.869316774178004348e-01
1.376983472576879808e-01
-7.017892603193579548e-01
-2.026941946967477093e-01
-7.898646052083904134e-01
-9.266995078643446293e-01
-8.477355261481853699e-01
5.456835171516487559e-01
-4.257785927312890961e-01
-7.168816953724066465e-02
-2.496567459962928115e-01
7.524097348124011431e-01
8.028682893967871159e-01
-6.224252771454332755e-01
-6.228585550127472281e-01
-3.031897756291280777e-01
-5.596505991851639106e-01
9.114746521947643121e-01
3.037068689201277150e-01
6.041932391783535472e-01
2.733909870691585975e-01
2.650524067528552408e-01
-4.803229086140640147e-01
2.317613815643690123e-01
1.020139795431117824e-01
-1.659467215776350840e-02
-5.393393540010461840e-02
5.446800465939554137e-01
-4.262271888048885238e-02
3.731155889544781612e-01
6.209687113988531237e-01
-9.993320717666856479e-02
1.506203599217693090e-01
-7.322508079219983701e-01
-1.000000000000000000e+00
-3.983934452240482371e-01
3.737052591404108060e-01
-3.841015485146502817e-01
3.613138565470783714e-01
1.626417478419006635e-02
5.714244168790469924e-01
-4.681964683038414843e-01
-9.945234891917000830e-01
-5.091908230180358652e-01
-1.890064505735226941e-01
6.180746512943949278e-02
2.374162631221719000e-01
4.141492132661023229e-01
9.108481427983039502e-01
1.364501442022439670e-01
3.071011855803387758e-01
3.329012004437174044e-01
5.181852027127178406e-01
7.465569740598729798e-01
-6.775251217119883096e-01
1.875095010488933012e-01
-4.623368323859070594e-01
-5.953815601276246650e-01
-6.680979391418799818e-01
-3.602013792748560705e-01
7.543888194910439715e-01
-4.996392791136409217e-01
-6.922055922622831758e-01
9.934778520568303684e-01
-2.126669042654414088e-01
2.548955353241795507e-02
1.112690722738254312e-01
-3.909401831505469049e-01
9.514763048416807756e-02
-5.321862455102346345e-01
5.710987809820187167e-01
2.660619901443288526e-01
4.464402707985788421e-01
-8.317524714654096485e-01
-6.547297399551301744e-01
-8.917417871263041418e-01
2.270022005001530174e-01
7.671011367018949478e-01
-5.768459182271776231e-02
3.937189300517445756e-01
-6.033994030588193391e-01
5.915768607400396784e-01
8.673391678287545314e-01
8.948443983769989174e-01
-6.404690375966666238e-01
9.179358688445837799e-01
-2.842247297524969074e-02
-4.353182327303927179e-01
-3.816869109868412657e-01
-3.933282581758870688e-01
-7.224298905430368567e-01
-3.952821814307607706e-01
9.154360763314123295e-02
5.101907051918086466e-02
4.458955732661075699e-01
-6.366117615707562738e-01
-1.686524499359536300e-01
-3.732384143953792477e-01
8.537393241281305833e-01
-3.893870297686063964e-01
8.230037421012272869e-01
-2.035450413859243302e-01
9.732780400374956287e-01
1.061657934173439732e-01
-9.234086704192285833e-01
1.326923359296376115e-01
-2.482828577746758469e-01
7.668490129031904079e-01
2.581183869920555818e-02
-1.165771648867796051e-01
3.725642675293664441e-01
-6.576463930752898257e-01
9.021913323119196138e-01
-8.506985395724034893e-01
3.341910234471368035e-02
-2.970041197538010325e-01
-3.609433581867788066e-01
5.233738929307976129e-01
-3.713688049803820501e-02
1.380748350853926443e-01
9.652672766699996743e-01
-4.654774234007025280e-01
2.001682882275749031e-01
-1.748705690207406072e-01
9.362488064170421120e-02
2.840816462238724416e-01
1.935291456338495975e-01
-1.777293228456951479e-01
1.176691725214138451e-01
-6.866311950986137003e-01
1.294165564662440593e-01
-4.336755152482949516e-01
4.185771570575944622e-01
-7.228606749615362759e-02
5.323971095860278169e-01
5.215320364271169851e-02
7.586022702464125800e-01
9.380145410189720812e-01
7.068849840999607004e-01
1.000000000000000000e+00
-7.433923452563959700e-01
4.226343196173624750e-01
1.324652886130788659e-02
-4.541521133434138768e-01
4.091825578938391716e-01
-8.443003320281292634e-01
-2.122380453336072392e-01
-8.771408095479475975e-01
3.501744856256186478e-02
9.617024305893713265e-01
8.347916391259304625e-01
4.269112707725070677e-01
-1.522136975680357107e-01
-5.181392199533261245e-01
7.920463296804918230e-01
2.137712346419966963e-02
3.996206687786892919e-01
3.562364491573012382e-01
-2.669527218354075249e-01
1.941448274605232505e-01
-7.217898750362383709e-01
