-2.988801295492372057e-01
-6.393084051972943715e-01
-7.505280952780637449e-01
-1.851887525481385743e-01
8.534039510146446128e-01
1.635110154033413421e-01
1.084634104251063491e-01
-5.910215135385183949e-01
3.999612934596483704e-01
-5.599734511482088450e-01
4.906531728921228463e-01
1.000000000000000000e+00
-2.674305331892593562e-01
8.037051589708469335e-01
-1.165026775003394355e-02
-3.144070209043308139e-01
2.402131871828314669e-01
6.252615207493941174e-01
7.795110523638354438e-02
-9.196270452491054348e-01
-3.393429265394960481e-01
2.304628045691818061e-01
6.640110162448011888e-01
1.668609478935789703e-01
-4.138543273166412351e-01
2.301568822552975402e-01
8.261298065603529528e-01
7.284086637297755296e-01
-3.505311037031598742e-01
-5.962709705380705993e-02
6.906226498605876341e-01
-1.571406074168955058e-01
-9.451463330834189991e-01
7.667924312789251573e-01
5.060379713379059563e-01
9.683506799140806365e-02
-2.460978250531641875e-01
-8.426092067433588184e-01
-6.103005545379285302e-01
8.551640586387145859e-01
-1.773946089670305482e-01
-9.996013080854537769e-02
2.461554317970920669e-01
-7.027927301924830061e-01
-2.996713900052471180e-01
-8.572588983811944008e-01
5.229247777513013062e-02
-9.726469368673191784e-01
2.109243193837637143e-03
2.110429284722018517e-01
4.322565391599028639e-01
8.626752095953529320e-01
5.942501941081770322e-01
6.384945934223955621e-01
8.780355962499516442e-01
-6.020394528755730335e-01
-7.181775610190905823e-01
-6.712228453040385290e-01
-6.155817563850864982e-01
-3.565076273378617322e-02
-1.537412752221447437e-02
-6.632814661310825199e-01
3.468318043004675055e-01
-9.784326302740331549e-01
4.803306043237047795e-01
-6.943799124112739474e-01
1.000000000000000000e+00
-1.156553791972310119e-01
-2.644936516846585484e-02
9.541976846974653537e-01
5.681233350909336011e-01
-2.690047019597018862e-01
4.182462658576049930e-01
-3.504371426016363866e-01
7.593965050296265229e-01
-6.442201974948096321e-01
-2.024390486798162136e-01
-8.068277389427152002e-01
-6.387906484673219198e-01
8.896012039716509889e-01
7.376073163161767088e-01
3.580645015316955559e-01
1.918636256795909212e-01
3.685709223105042009e-01
-2.770703871462580903e-01
6.566895622820889677e-01
-1.639124157197158205e-01
1.462575262075465621e-01
-4.352363498480683046e-01
7.870939668251679677e-01
1.237232705883888062e-02
1.118595777923899887e-01
-2.354481115471607211e-02
4.197690797405619068e-02
-1.268522223976145946e-01
4.295360286444918629e-02
8.010189697710632384e-01
6.102398420241279542e-01
-2.525078211846185638e-01
-5.433206979103011314e-02
-7.005271757485207473e-01
3.287265897741145082e-01
-3.686307670732185127e-01
8.409481028705745320e-01
5.852541563609061637e-01
3.871815640525561042e-01
2.658121865376258941e-02
-1.542298667857763261e-01
6.149256266630139800e-01
-3.241187750923578137e-01
5.963274170782002503e-01
4.746313154284816371e-01
1.813680432933902908e-01
5.775057600071207276e-01
-4.493524899759381852e-01
-3.789951600659806630e-01
-9.128334292895136093e-01
9.728296977367636433e-01
-7.960880309959053047e-01
-4.315394800045098123e-01
9.267175513969085898e-01
-4.158787910944926614e-01
-1.112853587825175655e-01
-3.342215021470558156e-01
-2.642714817547111017e-01
-6.191283788396733101e-01
-6.228953818205676951e-01
8.354007446198392639e-01
-4.263635973055577288e-01
1.000000000000000000e+00
7.917903816354660007e-01
-1.009681869627143125e-01
-9.477345143109272563e-02
6.179978817918703182e-01
2.225052645536695906e-01
-7.605662357488559566e-01
1.792398810123305708e-01
-1.000000000000000000e+00
1.923999725985559017e-01
1.929518469408286752e-01
-9.015664023853174891e-01
8.378675902609071802e-01
-2.746435443155834655e-01
-1.253318819373433479e-03
2.817879528208961926e-01
9.353417791457351305e-01
-8.459049360768213788e-01
7.029572852489683887e-01
5.508178425461521255e-02
-9.079017847114341233e-01
8.914673449083743151e-01
-3.143696686186973066e-01
7.607498502704257426e-03
-8.988581550670462494e-01
-1.332460877734662485e-01
-7.182315535519593341e-01
5.178321942688662860e-01
3.328875986977721801e-01
2.251684552663473227e-01
1.727971283391227519e-01
6.291629138637837571e-01
8.349037617495482788e-01
5.432355212600252781e-01
-5.263692526877347122e-01
2.782384526028438554e-01
6.626064030774569957e-01
-1.814524013508677647e-01
8.249889736660007689e-01
6.102478470379908426e-01
-1.183109446617909288e-01
-1.251558254481968113e-01
1.897756505843000707e-01
-2.470179647612128493e-01
-4.230600008646752119e-01
7.540697988245814720e-01
-5.884564702219660104e-01
7.136124441972564458e-01
4.304825360421873359e-01
-6.865487437744299815e-01
1.360044904518262765e-01
6.690460522407293276e-02
-7.559525394564178269e-01
8.366512201490310385e-01
-8.083885823304818308e-01
2.000137779428454998e-01
-1.043776703826764241e-01
-8.067372090990798661e-02
7.714920171768100410e-01
2.622976939424805920e-01
9.550845203115465587e-02
3.339770967372758803e-01
7.672631103220162174e-01
-5.339787414041916591e-01
-8.833674918241160023e-01
1.929557697942565486e-01
8.304876680923464205e-01
-6.658043048951618470e-01
-7.565192432590117644e-01
-1.891580764055300901e-01
-6.739595644697355947e-01
7.121977135939416836e-01
-9.632761450310747264e-01
-5.183637343710143508e-01
-5.054886393635218411e-01
-1.271427195067605376e-01
-1.005485019190301976e-01
2.968108740914892629e-01
7.224706684757342678e-02
5.607950586736144549e-01
7.806161339507173835e-01
8.728721868786206706e-01
1.546127385566395951e-01
5.390080131689405363e-01
8.410083174275597706e-01
1.422140475470183851e-01
-7.521156576021541529e-01
2.289309662693528313e-01
-3.252702044400748171e-01
-1.903790561817777713e-02
-1.610255183475040042e-02
-5.675675283230623425e-01
-1.352022242782251471e-01
6.196163032622216127e-01
1.030919966998068704e-02
5.064242221115463627e-01
-8.120742045759284933e-01
1.716840953049338925e-01
-9.841979566769345489e-01
-3.526597269876857177e-01
4.985713607141564196e-01
-6.644098242966631762e-01
-1.000000000000000000e+00
-3.106272295190917188e-01
4.936856660218631454e-01
-2.205671046540622349e-01
-3.326460499858807651e-01
1.000000000000000000e+00
6.660650172068887098e-01
-6.704648839196475363e-02
2.518635527893539061e-01
1.000000000000000000e+00
-9.273791841329420693e-01
8.281886188537305182e-01
6.404130089001451864e-01
6.438088764199387803e-01
8.726303702592057565e-01
-7.119557383522310268e-01
-4.987143660652437749e-01
-5.253277018228039719e-01
1.354727966341152945e-01
4.708094784526259957e-01
6.223627485183385044e-01
-8.428245505565563622e-01
8.048077025333928436e-01
-6.326170233202133009e-01
-3.029133494534113069e-01
-5.233960235767246560e-01
3.922939960395124825e-01
6.899218815459065013e-01
5.137755324605148832e-01
-5.865365203470578326e-01
5.762063080246440094e-01
-5.347639618364463665e-02
3.382200428548589044e-01
-2.789444278218820017e-01
