-1.552206120249996768e-01
-6.176681427263981394e-01
-8.960695740194574155e-01
-1.000000000000000000e+00
9.725896812747617526e-01
-6.075833926658442685e-01
-1.000000000000000000e+00
6.297297973615049171e-01
-1.000000000000000000e+00
8.313030082043144642e-01
1.000000000000000000e+00
-6.482146303978930657e-01
6.952611207129922866e-01
9.974209251151898714e-01
-7.772732536326255603e-01
6.334084827720177779e-01
7.384881201863890965e-02
4.939897113370401716e-01
-9.999711365776403627e-01
2.042294963592791723e-02
9.588141518717878675e-01
-1.000000000000000000e+00
-6.762227572825459943e-01
-3.283434730798186294e-03
-1.000000000000000000e+00
7.870733908295922676e-01
-9.135888402047618317e-01
9.970808771137456006e-01
-1.000000000000000000e+00
-6.745257880210794310e-01
3.298895619749932506e-01
-1.000000000000000000e+00
1.872689073178532629e-02
-8.284014289037711087e-01
2.399072989994744387e-01
5.049933386608872476e-01
6.914271763030188644e-01
8.762400070246924022e-01
-9.865012302202444960e-01
9.205046236995931830e-01
-8.253228391204925352e-01
-7.043820883417925560e-02
4.235472710151111375e-01
1.000000000000000000e+00
-9.223138319738921620e-01
1.387634322324435565e-01
9.640571599627250077e-01
-8.968458487265057455e-01
-9.998210269957900076e-01
8.635172368212961080e-01
5.351447068580057476e-01
-5.966431826091852519e-01
4.043115792874357739e-01
8.505502352238253350e-01
9.426343454346831630e-01
-3.738553243267442872e-01
8.612465578867336546e-01
-7.057718706200026837e-01
-9.617905943609196262e-01
3.898314917368350119e-01
9.914100776597090103e-01
-8.475830864867650583e-01
-1.000000000000000000e+00
3.012310554333971213e-01
9.804800353447663541e-01
1.000000000000000000e+00
9.997320333493078248e-01
9.630964914478243322e-02
1.000000000000000000e+00
-2.120661388262898295e-01
1.000000000000000000e+00
2.788986242282302519e-01
-4.272760735585331426e-01
7.351291125444930907e-01
-9.446777857146585466e-01
-8.225414103801349519e-01
7.675189060633830218e-01
-9.747555115199771913e-01
-1.000000000000000000e+00
6.326287238475749586e-01
-5.303742668978796981e-01
-7.097904357745876691e-02
3.795042351490832688e-01
5.464838700348646494e-01
1.000000000000000000e+00
-9.154528673169484154e-01
9.984028777539936117e-01
9.999895524525893586e-01
-1.000000000000000000e+00
9.512008895850077028e-01
8.566921897370094463e-01
5.711153095231833454e-01
-9.198204386915324049e-01
9.548157282722062877e-01
2.820183522313611246e-01
1.000000000000000000e+00
2.792076147325210367e-01
-9.272108761408316413e-01
-5.220396940729244983e-01
9.385565433354075005e-01
9.998826366681060618e-01
7.463233903298455152e-01
1.000000000000000000e+00
1.000000000000000000e+00
9.318637229939916722e-01
1.000000000000000000e+00
3.760031628660225334e-01
-9.863241937508445689e-01
-5.008052699707710165e-01
1.000000000000000000e+00
-3.570305149044925574e-01
3.825831329840567174e-01
7.794960464712255011e-01
-4.652558090734973950e-01
-1.000000000000000000e+00
6.120318356239314028e-02
9.454746887394026578e-01
-9.966652279888987831e-01
-7.213688738468846395e-01
2.616112748948731248e-01
-5.425278496292983421e-01
7.992183711179084993e-01
-6.126181535068460082e-01
1.000000000000000000e+00
3.924301911041766511e-01
-1.000000000000000000e+00
9.791710646090681092e-01
-4.235849903120209037e-01
-1.000000000000000000e+00
9.322206774386039285e-01
-1.943828181431458135e-01
-9.695733592283733993e-01
-2.407609951289754469e-01
1.000000000000000000e+00
-1.000000000000000000e+00
-8.882803651926612920e-01
9.909315856033924508e-01
1.231483952736769499e-01
-9.999071782959483290e-01
-9.470174256384031874e-01
9.979661556329773031e-01
5.121817869087508246e-01
-8.245118406429778890e-01
5.972586025729972325e-01
2.611501897407478984e-02
-8.398914884498569489e-01
9.186508860098386853e-01
-1.000000000000000000e+00
9.947236605638757334e-01
8.946685910915890272e-01
-9.704892169572779670e-01
4.461170674569220340e-01
-1.000000000000000000e+00
7.116075716194097955e-01
-1.000000000000000000e+00
-8.993900308921438658e-01
-9.748601079400015523e-01
-2.421869583398044146e-01
4.506157479106196462e-01
-3.141292278289055107e-01
7.989849588277985193e-01
7.303907961852013075e-01
3.469259049437853348e-01
1.409134571254757329e-01
1.000000000000000000e+00
6.629253859842587637e-01
2.876055859639361501e-01
-1.000000000000000000e+00
5.641239716979218333e-01
1.000000000000000000e+00
5.911478649149517484e-01
-1.327292159312203242e-02
-4.918858810370794199e-01
-8.584713611377597919e-01
-1.000000000000000000e+00
-8.104089635873694686e-01
-1.000000000000000000e+00
-3.337578276031557545e-01
-2.536292771909369193e-01
9.984794622002851616e-01
-9.880504222012165272e-01
9.933576578622507203e-01
-1.000000000000000000e+00
4.865862230825749452e-02
-2.885639333754854152e-01
-1.000000000000000000e+00
-3.826945459855073395e-01
9.054447337585683764e-01
-3.723454452816905014e-01
1.000000000000000000e+00
5.178815074688399023e-02
-1.000000000000000000e+00
8.751827459640124651e-01
1.000000000000000000e+00
-9.955971031223510570e-01
-7.728686349481940221e-01
-9.784868055892940175e-01
-9.907360979252061162e-01
4.632255692153345317e-01
3.629130402660862842e-02
-8.789094368404697377e-01
9.756883958208438512e-02
-3.489644380458707396e-01
-3.227599483434167027e-01
1.000000000000000000e+00
-5.997615182139197365e-02
-8.754298732130456617e-01
9.965625121626766614e-01
1.000000000000000000e+00
6.344203793985178086e-01
1.000000000000000000e+00
1.000000000000000000e+00
-4.508160254864891359e-01
-7.143665710079892817e-01
1.000000000000000000e+00
-6.653659591898472003e-01
2.382078400946370245e-01
3.067737260587721781e-01
3.043702411635288430e-01
1.000000000000000000e+00
-1.852663681671226081e-01
-6.614519868358662569e-01
9.920557913891274726e-01
1.000000000000000000e+00
-1.000000000000000000e+00
1.000000000000000000e+00
-4.954694228372288900e-01
6.980592442068186410e-01
6.779393633894097437e-01
-9.293947065003527186e-01
-9.290628737904716994e-01
-1.000000000000000000e+00
8.677280098491024773e-01
4.078826025608790484e-01
3.919293311179626871e-01
-7.799577214050752716e-02
-4.565803819525235951e-01
6.258623262792888386e-01
8.962702744287953660e-01
4.422587093363415933e-01
-1.000000000000000000e+00
-8.574149751527611052e-01
-7.486556218589270895e-01
9.987663877711768778e-01
-8.825112676987939553e-02
1.000000000000000000e+00
7.845070324287525265e-01
-6.975706866340811718e-01
6.641680189927217093e-01
1.000000000000000000e+00
4.649603637638409226e-01
-9.959836848625782668e-01
9.577999187341086351e-01
-9.926340519533691786e-01
-2.189925683803950196e-01
7.895215337300821590e-01
8.830376295718034285e-01
1.000000000000000000e+00
-1.000000000000000000e+00
4.961590999090819548e-02
-6.924023987164766858e-01
-1.677693541695521318e-01
-1.000000000000000000e+00
-7.776585160379753114e-01
5.901687123476089258e-01
