-1.000000000000000000e+00
-2.079495198129151234e-01
-1.000000000000000000e+00
-7.354135683372529098e-01
-1.000000000000000000e+00
-6.245535752119178718e-02
-3.525352525903762690e-01
-9.306613134988853675e-01
-8.486514776198191834e-01
1.000000000000000000e+00
-1.000000000000000000e+00
-1.000000000000000000e+00
1.000000000000000000e+00
-1.000000000000000000e+00
1.000000000000000000e+00
4.277932195652459080e-01
-9.087811662284100978e-01
1.000000000000000000e+00
-1.000000000000000000e+00
-1.000000000000000000e+00
1.000000000000000000e+00
1.000000000000000000e+00
2.608671632590906508e-01
6.285275314949585468e-01
-1.000000000000000000e+00
6.196745521045876615e-01
-5.529109279303601188e-01
1.370956012473577290e-01
9.383602363635970001e-01
1.000000000000000000e+00
1.000000000000000000e+00
-7.760360491058712791e-03
1.000000000000000000e+00
-5.108115219448907673e-01
-1.000000000000000000e+00
-2.897862039068000439e-01
7.150545069928305741e-01
-4.099278104166993453e-01
6.913270719627321315e-01
-6.731448069360868036e-01
-2.444287334059131456e-01
9.411340374754105786e-01
-4.202662333255819949e-01
-1.000000000000000000e+00
1.000000000000000000e+00
3.801002413964036930e-01
-1.000000000000000000e+00
1.000000000000000000e+00
1.000000000000000000e+00
9.614066024486688233e-01
-1.000000000000000000e+00
-1.000000000000000000e+00
-1.000000000000000000e+00
-1.175803717692753825e-01
-1.000000000000000000e+00
-1.000000000000000000e+00
-9.038662160868808915e-01
2.042454826313707394e-01
-5.222817126761967188e-01
-1.000000000000000000e+00
-5.353181331969616430e-01
-5.149670505379415619e-01
-9.095460107212312018e-01
1.000000000000000000e+00
-1.000000000000000000e+00
-9.997817116108954627e-01
1.000000000000000000e+00
-6.268697111838265057e-01
-1.000000000000000000e+00
1.611906938331683289e-02
1.000000000000000000e+00
1.000000000000000000e+00
-9.530840545877616865e-01
9.902264012721281317e-01
-1.000000000000000000e+00
-1.000000000000000000e+00
-9.845565675018840279e-01
-9.602747987200996871e-01
-1.000000000000000000e+00
2.517771429785277126e-01
-2.587756112735367653e-01
1.497051118330514630e-01
6.951556177979230089e-01
-8.798400161383421736e-01
-4.720213135461652221e-01
-4.539406994832689834e-01
1.000000000000000000e+00
1.000000000000000000e+00
-1.000000000000000000e+00
-8.790612309422954906e-01
-5.862610328179348462e-01
1.000000000000000000e+00
1.000000000000000000e+00
-1.000000000000000000e+00
-1.000000000000000000e+00
9.988892192478956433e-01
1.000000000000000000e+00
-1.000000000000000000e+00
1.000000000000000000e+00
9.996910568798801355e-01
8.210636442058376616e-01
-6.368238285466130133e-01
1.000000000000000000e+00
-1.000000000000000000e+00
-1.000000000000000000e+00
3.473991736989754386e-01
-9.154011167189991527e-01
4.727902440939839579e-01
9.893342207126141208e-01
8.504292029771172157e-01
-1.000000000000000000e+00
-6.989083813429448622e-01
1.000000000000000000e+00
-3.282478410069697428e-01
-3.654288920545722269e-02
6.827029708819728482e-01
1.000000000000000000e+00
4.362673930879782391e-01
-9.850492079558327285e-01
-1.000000000000000000e+00
1.000000000000000000e+00
-1.000000000000000000e+00
5.204591912362013795e-02
9.697631883465757108e-01
-1.000000000000000000e+00
-1.000000000000000000e+00
1.000000000000000000e+00
-1.000000000000000000e+00
4.618891348157120325e-01
-5.659003771836217389e-01
-9.967536447298279700e-01
1.000000000000000000e+00
1.000000000000000000e+00
-1.000000000000000000e+00
1.433638192101122644e-01
-1.000000000000000000e+00
-9.377402642851633274e-01
-4.823815079047642507e-01
-9.835020632290717435e-01
4.185442590794070661e-01
-1.000000000000000000e+00
-1.936004913935595595e-01
-8.555393741842161059e-01
1.000000000000000000e+00
-5.360149341936353284e-01
7.002117067742899548e-02
8.411459500582133542e-01
-9.998129791064507277e-01
-3.607278805457964643e-01
-1.000000000000000000e+00
1.000000000000000000e+00
2.773342449268114684e-01
-9.994845763897730606e-01
-1.000000000000000000e+00
-1.000000000000000000e+00
1.000000000000000000e+00
-2.823007454638538638e-01
-9.937848449732136213e-01
-1.000000000000000000e+00
-1.000000000000000000e+00
-4.482002369214626025e-01
-1.000000000000000000e+00
1.000000000000000000e+00
1.000000000000000000e+00
9.375541162299133591e-01
4.861731534605474581e-01
-1.000000000000000000e+00
8.272832961570819599e-01
1.000000000000000000e+00
-1.000000000000000000e+00
-4.012304379817669409e-01
-2.506389342273871446e-01
-1.644938584812621063e-01
-1.000000000000000000e+00
1.000000000000000000e+00
1.000000000000000000e+00
-1.000000000000000000e+00
-8.725814719149534993e-01
-7.633458069634089238e-01
8.104730717692028019e-01
1.000000000000000000e+00
-1.000000000000000000e+00
-1.000000000000000000e+00
1.000000000000000000e+00
-1.000000000000000000e+00
1.000000000000000000e+00
1.000000000000000000e+00
-8.417930973523066740e-01
-6.283897814244546742e-01
-2.455145411466843480e-02
1.000000000000000000e+00
-1.000000000000000000e+00
-9.914687820342291680e-01
-8.257607473200159198e-01
1.328435031475800054e-01
-1.000000000000000000e+00
-1.439851211071473402e-01
-8.915341452826919255e-02
5.554201580829166707e-01
-5.274563797410942723e-01
-3.903360227915741998e-01
-1.648708206414325472e-01
7.036459837849385890e-01
1.000000000000000000e+00
-1.000000000000000000e+00
8.893952752007592277e-01
7.800661350848049347e-01
7.974308336637985217e-01
-1.000000000000000000e+00
-1.000000000000000000e+00
7.770380572527773033e-01
-1.000000000000000000e+00
1.000000000000000000e+00
1.000000000000000000e+00
-6.070336772903435207e-01
-1.000000000000000000e+00
1.000000000000000000e+00
1.000000000000000000e+00
-6.810908142180853719e-01
9.342986289988700621e-01
1.000000000000000000e+00
3.676791177005221400e-01
1.000000000000000000e+00
-9.995870583975036139e-01
9.906517148527834715e-01
-1.000000000000000000e+00
-2.891545007798015376e-01
-1.978217955628914781e-01
-5.465704958631495414e-01
4.572650966139858997e-01
-1.000000000000000000e+00
-1.000000000000000000e+00
-1.000000000000000000e+00
1.000000000000000000e+00
-1.000000000000000000e+00
3.803177843071707809e-01
-9.689547741953636883e-01
2.737315022247912011e-01
1.000000000000000000e+00
-7.582847971014486932e-01
1.752206024556045849e-01
1.000000000000000000e+00
-8.498672447285637865e-02
-5.938090640739096537e-01
8.701295217166182816e-01
-8.891948106121739803e-01
6.444264266589059265e-01
5.669519753303322585e-01
-7.454137181888240704e-01
1.000000000000000000e+00
9.877841409472013501e-01
4.639735645870781688e-01
8.649729670259597158e-01
1.000000000000000000e+00
5.136609364607773731e-01
-1.000000000000000000e+00
-1.000000000000000000e+00
1.538864978929326000e-02
1.000000000000000000e+00
5.164231239352343739e-01
-1.000000000000000000e+00
-7.650459921921087814e-01
-5.118382422080120300e-03
1.000000000000000000e+00
1.768287203894592374e-01
