9.593974441446171397e-01
-3.432869625180777762e-01
1.000000000000000000e+00
9.929816024146834730e-01
-1.140837586084400557e-01
-9.882215130321415630e-01
-1.000000000000000000e+00
7.092034179738618827e-01
1.000000000000000000e+00
-9.987582475791408898e-01
-8.065654551089483926e-01
9.680289117509283114e-01
-9.352850787511370889e-01
-3.466303717740023549e-01
-1.000000000000000000e+00
9.999364650246093111e-01
1.000000000000000000e+00
-5.675878569502172954e-01
1.000000000000000000e+00
-3.093041959009163455e-01
-8.721028171732519985e-01
-1.000000000000000000e+00
-1.000000000000000000e+00
-9.445372889912638792e-01
1.000000000000000000e+00
9.924586478791430633e-01
4.296904102085533639e-01
1.000000000000000000e+00
9.997209634175089343e-01
4.279610417584767124e-02
1.000000000000000000e+00
9.528649671487753325e-01
-6.688767235477127704e-01
-3.797219462933379974e-01
4.542880511152901923e-01
-7.264656387128735071e-01
-8.522248701699102202e-01
-1.000000000000000000e+00
-1.000000000000000000e+00
1.000000000000000000e+00
-1.000000000000000000e+00
8.745780619793418198e-02
-1.000000000000000000e+00
-1.000000000000000000e+00
-5.497313909002365245e-02
-1.000000000000000000e+00
1.000000000000000000e+00
-4.304955343131869339e-03
7.975931915391464289e-01
1.356816739770514424e-01
5.341414647623703438e-01
4.220849964466606430e-01
1.000000000000000000e+00
-1.000000000000000000e+00
3.392761629793963341e-01
-1.603573617949501928e-01
-1.000000000000000000e+00
-1.000000000000000000e+00
-5.081931754419812819e-01
8.966995036950249354e-01
5.905577474704031271e-01
-1.000000000000000000e+00
-1.000000000000000000e+00
1.000000000000000000e+00
9.415048158416361446e-01
-1.000000000000000000e+00
4.262812112009122800e-01
-9.167720514384520847e-01
-1.000000000000000000e+00
3.414360110554320871e-03
4.014185398952968553e-01
-4.135429850590517653e-02
-1.000000000000000000e+00
-1.000000000000000000e+00
-3.153192612574275966e-01
-7.574529400311662553e-01
-4.047480255550870432e-01
-9.720454021700013492e-01
-1.260946478754312317e-01
-1.000000000000000000e+00
-9.562781393633613680e-01
1.000000000000000000e+00
-9.997879334831333287e-01
-9.292355833629353246e-01
8.952425562221556499e-01
1.000000000000000000e+00
6.628332589746147585e-01
6.859252328633461682e-01
9.971839901156250852e-01
-8.918194583596625868e-01
-1.819608401627524352e-01
-1.000000000000000000e+00
9.812390751654639365e-01
-8.855299033135425324e-01
3.214934506223249278e-01
-1.000000000000000000e+00
-8.394287522343716335e-01
-1.000000000000000000e+00
1.000000000000000000e+00
-1.000000000000000000e+00
1.000000000000000000e+00
4.821699722542212990e-02
-1.000000000000000000e+00
9.891564280065101578e-01
-9.896345791343954534e-01
-7.408200515781360185e-01
-1.423618597331376689e-01
-1.000000000000000000e+00
1.000000000000000000e+00
-1.000000000000000000e+00
9.655667221378788634e-01
6.702131882306999744e-01
-2.301278725543905168e-01
6.630970168845943258e-01
7.971026267714572677e-01
-1.000000000000000000e+00
4.687552431133677477e-01
1.000000000000000000e+00
-1.000000000000000000e+00
-9.108291413456530705e-01
1.000000000000000000e+00
-6.609132012273040147e-01
8.010821031353385635e-01
-9.955077749280395460e-01
-9.852062060129378462e-01
8.940055939855593437e-01
-1.000000000000000000e+00
1.000000000000000000e+00
-1.000000000000000000e+00
-8.146769097056941744e-01
-1.000000000000000000e+00
1.000000000000000000e+00
-7.604582288806858159e-01
1.000000000000000000e+00
1.000000000000000000e+00
6.888137481063975054e-01
1.000000000000000000e+00
-1.000000000000000000e+00
-8.759416101866781545e-01
-5.760184706033206758e-01
9.630829201201094314e-01
1.000000000000000000e+00
1.000000000000000000e+00
9.427871773602781724e-01
-3.417365965455161358e-01
8.746579485802530307e-01
8.327631932236385925e-02
-1.000000000000000000e+00
-1.000000000000000000e+00
1.000000000000000000e+00
-7.081512846464740329e-01
-9.226858805222779569e-01
-1.000000000000000000e+00
-5.840681885542271523e-01
1.000000000000000000e+00
1.000000000000000000e+00
-6.630784320646412322e-01
1.000000000000000000e+00
9.985868058422098237e-01
1.881259880735593748e-01
7.439889027472406102e-01
3.402929833934757453e-01
-4.232480805933641621e-01
1.000000000000000000e+00
8.145925429983965627e-01
-1.000000000000000000e+00
4.097573698418538468e-01
7.157497505008330041e-01
-8.770318204280543872e-01
-1.000000000000000000e+00
5.446509346632786297e-01
1.000000000000000000e+00
5.829506393190531099e-01
-9.373181608323040148e-01
9.832447456753862225e-01
9.997259517873897661e-01
5.339123049913698793e-01
-9.601708010320459952e-01
1.000000000000000000e+00
1.000000000000000000e+00
7.832754986691179422e-01
-1.000000000000000000e+00
-1.000000000000000000e+00
-3.562646051338786979e-01
1.000000000000000000e+00
-6.798378692547336621e-01
-1.675149178347455081e-01
5.249499457488867593e-01
-1.000000000000000000e+00
1.000000000000000000e+00
-9.998377717770111639e-01
9.923535860606730319e-01
2.586235910389309001e-02
-1.791019216841673867e-01
-9.997387211405344143e-01
1.000000000000000000e+00
1.000000000000000000e+00
1.000000000000000000e+00
9.707975006219423664e-01
8.412059671659549709e-01
8.148889601005307459e-02
-1.000000000000000000e+00
1.000000000000000000e+00
1.000000000000000000e+00
-1.000000000000000000e+00
-1.000000000000000000e+00
2.042617180776328534e-01
5.357152552909891785e-01
6.198666434614222842e-01
1.369481690849593536e-01
-1.000000000000000000e+00
7.938230739845982820e-01
-7.795773045934880630e-01
-1.000000000000000000e+00
9.970161213831878477e-01
1.000000000000000000e+00
7.444351830944826443e-01
4.606733661301552485e-01
-3.846123613567232757e-01
8.724237374066372563e-01
8.204127476098580507e-01
-1.777603627001690390e-01
-2.749420370808185465e-01
1.000000000000000000e+00
1.000000000000000000e+00
4.506657915606570586e-01
-1.000000000000000000e+00
-1.000000000000000000e+00
1.000000000000000000e+00
-9.224845387252776918e-01
6.270042867649024965e-01
1.000000000000000000e+00
4.930785525627472410e-01
9.224848050506825325e-01
1.000000000000000000e+00
-6.977183546696837935e-01
-9.881545348758166147e-01
-9.955033268118536061e-01
1.000000000000000000e+00
-4.533159329076084654e-01
7.700531645406623049e-01
2.384960589911268580e-01
2.972810027016364320e-01
1.000000000000000000e+00
1.000000000000000000e+00
-1.000000000000000000e+00
-6.782503620745897743e-01
7.333024344230898439e-01
1.000000000000000000e+00
1.000000000000000000e+00
9.752501758451819214e-01
1.000000000000000000e+00
5.864779657397504176e-01
9.926128588961832255e-01
-1.000000000000000000e+00
-1.000000000000000000e+00
-1.000000000000000000e+00
2.337860488477979948e-01
1.000000000000000000e+00
1.000000000000000000e+00
5.034839309623541093e-01
1.000000000000000000e+00
1.000000000000000000e+00
1.000000000000000000e+00
6.488667133331209591e-01
