-2.651128406157060025e-01
-5.568142792812895425e-02
2.772425144878433445e-02
7.787021698101694034e-02
8.125203038638133535e-01
-1.945430679802017115e-01
5.362105598343638313e-01
6.403309126458277267e-02
2.912719155615045574e-01
-4.399251716872967233e-01
2.927315237564964701e-01
-4.767041001349636709e-01
-5.129517186328899081e-01
2.044339328095957087e-01
-7.035296171287104272e-01
-9.485010617873428362e-01
2.307699953223908418e-01
4.251246139939833801e-01
-1.756754816556715393e-01
3.240209583576778574e-01
8.072355621735722853e-01
-3.201628922724355508e-01
-1.000000000000000000e+00
-5.292127261265788807e-02
-7.354359379935699881e-01
-7.259904046754408480e-01
-6.569308281266181826e-01
8.408599825325967503e-01
-8.751347397624349433e-01
-4.523930285570125776e-01
2.224417480409375814e-01
-1.498716519676979164e-02
8.274597287905559595e-01
-4.069140974617832529e-01
-3.024909182491188897e-01
-4.138066794980603813e-01
-6.282976965786639389e-02
5.047419873891433317e-01
8.756497264497099808e-02
6.405113736125702673e-01
7.213923761930736145e-01
-8.150254624005737192e-01
-1.395359378502927516e-01
4.530895617733470271e-01
-6.989281938322036147e-01
8.684427081376175916e-01
3.488802708610507786e-01
-7.833709633480823165e-01
-6.181306830919882644e-01
7.752951697563845723e-01
-7.154949042777500323e-02
7.439754550116414178e-01
-3.383768558620744438e-01
1.000000000000000000e+00
-8.064061150245888099e-01
-1.000000000000000000e+00
4.437772709549121508e-01
9.833281985624868771e-01
-4.382673331718780485e-01
-2.226738167179977967e-01
9.600839289915055197e-01
-1.000000000000000000e+00
3.105384981566466918e-01
-3.045861225423185936e-01
-3.096360056977708330e-01
5.884009119185196202e-01
-6.289446199761135059e-01
-7.673866573056045137e-01
-5.740722058563716423e-01
-4.654010752638076953e-01
4.852420976885272186e-01
1.464510606851625596e-01
-6.094353120668899448e-01
-6.241816099928458872e-01
1.917092470880905619e-01
3.886240474039118764e-01
-2.559183476515378697e-01
2.649526587158613777e-01
-9.930531934589550414e-01
-4.596842581334632527e-01
8.690529074253292574e-01
4.569132394925511376e-01
1.000000000000000000e+00
-6.532580144097026587e-01
-1.317707125027102188e-01
4.635291877845146846e-01
-8.469382548385401277e-02
-3.242800179112503844e-01
-9.862417182725673193e-02
1.253668239990505043e-02
-7.388905742735261128e-01
7.953368331576802230e-01
2.401506122173373559e-01
-5.654230087466685095e-01
-4.889970754503091266e-01
7.798269953568367496e-01
1.188159911083922077e-01
-8.897481402834972464e-01
-4.297476618760102118e-01
4.700646998700561685e-01
-6.354106891697675064e-01
-3.769041652453476998e-01
5.008573792259818358e-01
-4.658638669963804935e-02
-1.000000000000000000e+00
-1.506276661340485989e-01
-7.753721136485340892e-01
-2.704467571128917891e-01
-5.967027745897630631e-01
-6.498514561977501991e-01
5.808257440200509381e-01
-1.360200626343450736e-01
7.185657750201914773e-01
7.818993660139264001e-01
4.134474294840909114e-02
4.283614534199146062e-01
8.532883131270611043e-01
-4.503068671655992561e-01
2.795092989086627733e-01
-8.761430411174875310e-01
-3.883855015023682244e-01
-3.694711051890873232e-01
6.954094513410679079e-01
5.368915520203489944e-01
4.547724120692347438e-01
9.712111053559602247e-02
-4.196661588460527947e-01
7.448512611610204059e-01
-6.788259928584501335e-01
5.561644488108699047e-01
-4.855978381393600829e-01
8.344282437873591363e-01
-6.749247764387894533e-01
4.171398465506997999e-01
4.091782720248172134e-01
5.760761662340809774e-01
8.485674215514018570e-01
1.000000000000000000e+00
3.401773307719180295e-01
-3.786991699500725783e-01
6.113178150682994916e-02
-7.948494522864364420e-01
4.727183913160831197e-01
-6.378271004437759961e-01
3.219107127618227593e-01
8.173871769815491684e-01
8.274460125360558749e-01
-3.700605535701235738e-01
2.945721142838595430e-01
7.270123904682503913e-01
-6.472271402271692065e-01
2.264322797294020806e-01
6.316303276008827794e-02
8.075169421346608534e-01
-3.384020072022985159e-01
6.592023709018093314e-01
7.746719304252083216e-01
-4.891933096952731930e-01
6.046496784797548152e-01
1.662317760683753309e-01
8.771844796578011083e-01
2.505804195552256419e-01
-4.902273829011075668e-01
5.860132237859172477e-01
-1.397723836560149646e-01
-3.123368004920772933e-01
-7.340702235587003299e-01
-1.525582395110250677e-01
8.206094050583039312e-01
-9.027597445610502369e-01
-9.856591839127868404e-01
-5.648434289879751269e-01
5.604403767159568117e-01
7.601417703196726716e-01
-4.842334088461503483e-01
-5.158403672598610434e-02
-8.845901206079467283e-01
7.510309410191871038e-01
5.885677655673526854e-01
4.191990273815988655e-01
-3.474456287698288737e-01
5.411120083796441271e-01
-6.353692622951051527e-01
3.021457044165117845e-01
8.095504108917905839e-01
-5.725851848507900188e-01
-1.000000000000000000e+00
6.308931957836230731e-03
5.253113385694591075e-01
-2.021846304806071692e-01
-8.395902494759663881e-01
-2.404169591805984663e-01
7.818905646785943020e-01
2.429236535429303290e-01
-7.395400350523392285e-01
-7.771848475656976118e-01
7.849072352963797350e-01
-8.752299382346676593e-01
-8.129554627428242641e-01
9.500875092420615342e-01
-9.947250677193013590e-01
1.335612286286997907e-01
-9.778073212685454152e-01
-2.054199491759101104e-01
-5.977809907693532043e-02
-1.000000000000000000e+00
1.465727546606239162e-01
-9.215009026933345115e-01
4.141612676727656206e-01
-7.413104657463865932e-01
-4.851388651511039374e-01
4.195042110073967656e-01
7.900793978714717447e-01
9.492177642799569659e-01
4.496032955611534154e-01
-3.257107483820621541e-01
-1.725225891513402221e-01
4.414408733984135358e-01
-6.382798830474700758e-01
-1.158612729460446467e-01
-7.129398140547538176e-01
-5.887963438523813320e-01
6.997624240675093255e-01
6.716260609519666414e-01
1.000000000000000000e+00
-4.099135081102026068e-01
-8.080451669858673691e-01
-4.337443150113475809e-01
9.109390989814827311e-01
3.540311143709422570e-01
-9.880414769630551097e-01
1.000000000000000000e+00
4.949936888620536379e-01
-8.336381700210103718e-01
-8.911270466500954557e-01
-5.704244708183540125e-01
2.413391117525078844e-01
4.201962329897579451e-01
3.061804826845129224e-01
4.797507824880307137e-01
4.863275274448388696e-01
-7.793901598476914439e-01
1.931646312446486380e-01
2.445422331537009386e-01
9.171191073127096249e-01
3.883182299622521261e-01
5.091943095844836398e-01
3.477667796452293958e-01
8.872672379964812173e-01
-3.293896024724264349e-01
-3.982636191561831907e-01
5.310567497760199096e-02
-6.744803518858960567e-01
-1.712613320477609502e-01
-3.845237082601304923e-01
-7.836709578091256567e-01
-8.896882730384754190e-01
-7.600938566076367309e-01
9.640024543583134431e-01
4.865457874967996643e-01
-2.547558070402756170e-01
-1.283825528505305180e-01
8.833859017802674352e-01
-1.086192614213436769e-02
-3.850180538003157849e-01
